134 599 552 637 471 552 134 599 550 154 134 636 466 720 551 421 552 645 551 543
587 551 21 551 21 551 21 551 21 551 21 551 21 551 21 551 21 551 788 551
134 599 552 637 471 134 599 134 599 154 134 636 466 720 551 421 552 645 551 543
587 551 21 551 21 551 21 551 21 551 21 551 21 551 21 551 21 551 21 551
134 599 552 637 471 134 599 134 599 154 134 636 466 720 551 421 552 645 551 543
587 551 21 551 21 551 21 551 21 551 21 551 21 551 21 551 21 551 705 551
134 599 552 637 471 134 599 134 599 154 134 636 466 720 551 421 552 645 551 543
587 551 21 551 21 551 21 551 21 551 21 551 21 551 21 551 21 551 705 551
134 599 552 637 471 552 134 599 550 154 134 636 466 720 551 421 421 552 645 551
543 587 551 21 551 21 551 21 551 21 551 21 551 21 551 21 551 21 551 705
134 599 552 637 471 552 134 599 550 154 134 636 466 720 551 421 552 645 551 543
587 551 21 551 21 551 21 551 21 551 21 551 21 551 21 551 21 551 21 551
134 599 552 637 471 552 134 599 550 154 134 636 466 552 720 551 421 552 645 551
543 587 551 21 551 21 551 21 551 21 551 21 551 21 551 21 551 21 551 705
134 599 552 637 471 552 134 599 550 154 134 636 466 720 551 421 552 645 551 543
587 551 21 551 21 551 21 551 21 551 21 551 21 551 21 551 21 551 705 551
134 599 552 637 471 552 134 599 550 154 134 636 466 720 551 421 552 645 551 543
587 551 21 551 21 551 21 551 21 551 21 551 21 551 21 551 21 551 705 551
134 599 552 637 471 552 134 599 550 154 134 636 466 720 551 421 552 645 551 543
587 551 21 551 21 551 21 551 21 551 21 551 21 551 21 551 21 551 705 551
134 599 552 637 471 552 134 599 550 154 134 636 466 720 551 421 552 645 551 543
587 551 21 551 21 551 21 551 21 551 21 551 21 551 21 551 21 551 705 551
134 599 552 637 471 552 134 599 550 154 134 636 466 720 551 421 552 645 551 543
587 551 21 551 21 551 21 551 21 551 21 551 21 551 21 551 21 551 705 551
134 599 552 637 471 552 134 599 550 154 134 636 466 720 551 421 552 645 551 543
587 551 21 551 21 551 21 551 21 551 21 551 21 551 21 551 21 551 756 551
134 599 552 637 471 134 599 134 599 551 134 599 552 636 466 720 551 421 552 645
551 543 587 551 21 551 21 551 21 551 21 551 21 551 21 551 21 551 21 551
134 599 552 637 471 552 134 599 550 154 134 636 466 720 551 421 552 645 551 543
587 551 21 551 21 551 21 551 21 551 21 551 21 551 21 551 21 551 619 551
134 599 552 637 471 134 599 134 599 154 134 636 466 720 551 421 552 645 551 543
587 551 21 551 21 551 21 551 21 551 21 551 21 551 21 551 21 551 21 551
134 599 552 637 471 134 599 134 599 134 599 552 636 466 720 551 421 552 645 551
543 587 551 21 551 21 551 21 551 21 551 21 551 21 551 21 551 21 551 619
134 599 552 637 471 552 134 599 550 154 134 636 466 720 551 421 552 645 551 543
587 551 21 551 21 551 21 551 21 551 21 551 21 551 21 551 21 551 21 551
134 599 552 637 471 134 599 134 599 154 134 636 466 720 551 421 421 552 645 551
543 543 552 587 551 21 551 21 551 21 551 21 551 21 551 21 551 21 551 21
134 599 552 637 471 552 134 599 550 154 134 636 466 720 551 421 552 645 551 543
587 551 21 551 21 551 21 551 21 551 21 551 21 551 21 551 21 551 705 551
