1572 1456 1568 1753 1083 1568 1572 1460 1456 1568 1568 1751 1022 1905 1460 852 1568 1766 1460 1435
1635 1460 2080 1460 2080 1460 2080 1460 2080 1460 2080 1460 2080 1460 2080 1460 2080 1460 2046 1460
1572 1456 1568 1753 1083 1568 1460 1572 1456 1568 1568 1751 1022 1905 1460 852 1568 1766 1460 1435
1635 1460 2080 1460 2080 1460 2080 1460 2080 1460 2080 1460 2080 1460 2080 1460 2080 1460 2080 1460
1572 1456 1568 1753 1083 1568 1460 1572 1456 1568 1568 1751 1022 1905 1460 852 1568 1766 1460 1435
1635 1460 2080 1460 2080 1460 2080 1460 2080 1460 2080 1460 2080 1460 2080 1460 2080 1460 1878 1460
1572 1456 1568 1753 1083 1568 1460 1572 1456 1568 1568 1751 1022 1905 1460 852 1568 1766 1460 1435
1635 1460 2080 1460 2080 1460 2080 1460 2080 1460 2080 1460 2080 1460 2080 1460 2080 1460 1878 1460
1572 1456 1568 1753 1083 1568 1572 1460 1456 1568 1568 1751 1022 1905 1460 852 852 1568 1766 1460
1435 1635 1460 2080 1460 2080 1460 2080 1460 2080 1460 2080 1460 2080 1460 2080 1460 2080 1460 1878
1572 1456 1568 1753 1083 1568 1572 1460 1456 1568 1568 1751 1022 1905 1460 852 1568 1766 1460 1435
1635 1460 2080 1460 2080 1460 2080 1460 2080 1460 2080 1460 2080 1460 2080 1460 2080 1460 2080 1460
1572 1456 1568 1753 1083 1568 1572 1460 1456 1568 1568 1751 1022 1568 1905 1460 852 1568 1766 1460
1435 1635 1460 2080 1460 2080 1460 2080 1460 2080 1460 2080 1460 2080 1460 2080 1460 2080 1460 1878
1572 1456 1568 1753 1083 1568 1572 1460 1456 1568 1568 1751 1022 1905 1460 852 1568 1766 1460 1435
1635 1460 2080 1460 2080 1460 2080 1460 2080 1460 2080 1460 2080 1460 2080 1460 2080 1460 1878 1460
1572 1456 1568 1753 1083 1568 1572 1460 1456 1568 1568 1751 1022 1905 1460 852 1568 1766 1460 1435
1635 1460 2080 1460 2080 1460 2080 1460 2080 1460 2080 1460 2080 1460 2080 1460 2080 1460 1878 1460
1572 1456 1568 1753 1083 1568 1572 1460 1456 1568 1568 1751 1022 1905 1460 852 1568 1766 1460 1435
1635 1460 2080 1460 2080 1460 2080 1460 2080 1460 2080 1460 2080 1460 2080 1460 2080 1460 1878 1460
1572 1456 1568 1753 1083 1568 1572 1460 1456 1568 1568 1751 1022 1905 1460 852 1568 1766 1460 1435
1635 1460 2080 1460 2080 1460 2080 1460 2080 1460 2080 1460 2080 1460 2080 1460 2080 1460 1878 1460
1572 1456 1568 1753 1083 1568 1572 1460 1456 1568 1568 1751 1022 1905 1460 852 1568 1766 1460 1435
1635 1460 2080 1460 2080 1460 2080 1460 2080 1460 2080 1460 2080 1460 2080 1460 2080 1460 1878 1460
1572 1456 1568 1753 1083 1568 1572 1460 1456 1568 1568 1751 1022 1905 1460 852 1568 1766 1460 1435
1635 1460 2080 1460 2080 1460 2080 1460 2080 1460 2080 1460 2080 1460 2080 1460 2080 1460 1990 1460
1572 1456 1568 1753 1083 1568 1460 1572 1456 1460 1568 1456 1568 1751 1022 1905 1460 852 1568 1766
1460 1435 1635 1460 2080 1460 2080 1460 2080 1460 2080 1460 2080 1460 2080 1460 2080 1460 2080 1460
1572 1456 1568 1753 1083 1568 1572 1460 1456 1568 1568 1751 1022 1905 1460 852 1568 1766 1460 1435
1635 1460 2080 1460 2080 1460 2080 1460 2080 1460 2080 1460 2080 1460 2080 1460 2080 1460 1718 1460
1572 1456 1568 1753 1083 1568 1460 1572 1456 1568 1568 1751 1022 1905 1460 852 1568 1766 1460 1435
1635 1460 2080 1460 2080 1460 2080 1460 2080 1460 2080 1460 2080 1460 2080 1460 2080 1460 2080 1460
1572 1456 1568 1753 1083 1568 1460 1572 1456 1568 1456 1568 1751 1022 1905 1460 852 1568 1766 1460
1435 1635 1460 2080 1460 2080 1460 2080 1460 2080 1460 2080 1460 2080 1460 2080 1460 2080 1460 1718
1572 1456 1568 1753 1083 1568 1572 1460 1456 1568 1568 1751 1022 1905 1460 852 1568 1766 1460 1435
1635 1460 2080 1460 2080 1460 2080 1460 2080 1460 2080 1460 2080 1460 2080 1460 2080 1460 2080 1460
1572 1456 1568 1753 1083 1568 1460 1572 1456 1568 1568 1751 1022 1905 1460 852 852 1568 1766 1460
1435 1435 1568 1635 1460 2080 1460 2080 1460 2080 1460 2080 1460 2080 1460 2080 1460 2080 1460 2080
1572 1456 1568 1753 1083 1568 1572 1460 1456 1568 1568 1751 1022 1905 1460 852 1568 1766 1460 1435
1635 1460 2080 1460 2080 1460 2080 1460 2080 1460 2080 1460 2080 1460 2080 1460 2080 1460 1878 1460
