74 -74 66 66 -66 66 74 -74 66 66 -66 66 74 -74 66 113 -66 -297 66 494
74 -74 66 66 -66 66 74 -74 66 66 -66 66 74 -74 66 113 -66 -297 66 494
74 -74 66 66 -66 66 74 -74 66 66 -66 66 74 -74 66 113 -66 -297 66 494
74 -74 66 66 -66 66 74 -74 66 66 -66 66 74 -74 66 113 -66 -297 66 494
74 -74 66 66 -66 66 74 -74 66 66 -66 -66 66 74 -74 66 113 -66 -297 66
74 -74 66 66 -66 66 74 -74 66 66 -66 66 74 -74 66 113 -66 -297 66 494
74 -74 66 66 -66 66 74 -74 66 66 -66 -66 66 74 -74 66 113 -66 -297 66
74 -74 66 66 -66 66 74 -74 66 66 -66 66 74 -74 66 113 -66 -297 66 494
74 -74 66 66 -66 66 74 -74 66 66 -66 66 74 -74 66 113 -66 -297 66 494
-74 -74 74 -74 66 66 -66 66 74 -74 66 66 -66 -66 66 74 -74 66 113 -66
74 -74 66 66 -66 66 74 -74 66 66 -66 66 -74 74 -66 -252 -366 66 66 594
66 -66 -66 66 -74 74 -66 -464 66 493 66 -66 -66 66 74 -74 66 113 -66 -74
74 -66 -464 66 493 66 -66 -66 66 -245 66 1434 953 -66 -66 -66 66 -66 74 -74
74 -74 66 66 -66 66 74 -74 66 66 -66 66 -74 74 -66 -464 66 493 66 -66
-66 66 -74 74 -66 -464 66 -74 74 493 66 -66 -464 -66 66 -66 66 493 66 -66
74 -74 66 66 -66 66 74 -74 66 66 -66 -66 66 -74 74 -66 -464 66 493 66
-66 -66 66 -74 74 -66 -464 66 493 66 -66 -66 66 74 -74 66 113 -66 -297 66
74 -74 66 66 -66 66 74 -74 66 66 -66 66 -74 74 -66 -464 66 493 66 -66
-66 66 -74 74 -66 -464 66 493 66 -66 -66 66 74 -74 66 113 -66 -297 66 494
74 -74 66 66 -66 66 74 -74 66 66 -66 -66 66 74 -74 66 113 -66 -245 66
74 -74 66 66 -66 66 74 -74 66 66 -66 66 74 -74 66 113 -66 -297 66 494
74 -74 66 66 -66 -66 66 74 -74 66 66 -66 66 74 -74 66 113 -66 -297 66
74 -74 66 66 -66 66 74 -74 66 66 -66 66 74 -74 66 113 -66 -297 66 494
74 -74 66 66 -66 66 74 -74 66 66 -66 66 74 -74 66 113 -66 -297 66 494
74 -74 66 66 -66 66 74 -74 66 66 -66 66 74 -74 66 113 -66 -297 66 494
74 -74 66 66 -66 66 74 -74 66 66 -66 66 74 -74 66 113 -66 -297 66 494
74 -74 66 66 -66 66 74 -74 66 66 -66 66 74 -74 66 113 -66 -297 66 494
74 -74 66 66 -66 66 74 -74 66 66 -66 -66 66 74 -74 66 113 -66 -297 66
74 -74 66 66 -66 66 74 -74 66 66 -66 66 74 -74 66 113 -66 -297 66 494
74 -74 66 66 -66 66 74 -74 66 66 -66 -66 66 74 -74 66 113 -66 -297 66
74 -74 66 66 -66 66 74 -74 66 66 -66 66 74 -74 66 113 -66 -297 66 494
74 -74 66 66 -66 66 74 -74 66 66 -66 66 74 -74 66 113 -66 -297 66 494
-74 -74 74 -74 66 66 -66 66 74 -74 66 66 -66 -66 66 74 -74 66 113 -66
74 -74 66 66 -66 66 74 -74 66 66 -66 66 -74 74 -66 -252 -366 66 66 594
66 -66 -66 66 -74 74 -66 -464 66 493 66 -66 -66 66 74 -74 66 113 -66 -74
74 -66 -464 66 493 66 -66 -66 66 -245 66 1434 953 -66 -66 -66 66 -66 74 -74
74 -74 66 66 -66 66 74 -74 66 66 -66 66 -74 74 -66 -464 66 493 66 -66
-66 66 -74 74 -66 -464 66 -74 74 493 66 -66 -464 -66 66 -66 66 493 66 -66
74 -74 66 66 -66 66 74 -74 66 66 -66 -66 66 -74 74 -66 -464 66 493 66
-66 -66 66 -74 74 -66 -464 66 493 66 -66 -66 66 74 -74 66 113 -66 -297 66
74 -74 66 66 -66 66 74 -74 66 66 -66 66 -74 74 -66 -464 66 493 66 -66
-66 66 -74 74 -66 -464 66 493 66 -66 -66 66 74 -74 66 113 -66 -297 66 494
74 -74 66 66 -66 66 74 -74 66 66 -66 -66 66 74 -74 66 113 -66 -245 66
74 -74 66 66 -66 66 74 -74 66 66 -66 66 74 -74 66 113 -66 -297 66 494
74 -74 66 66 -66 -66 66 74 -74 66 66 -66 66 74 -74 66 113 -66 -297 66
74 -74 66 66 -66 66 74 -74 66 66 -66 66 74 -74 66 113 -66 -297 66 494
74 -74 66 66 -66 66 74 -74 66 66 -66 66 74 -74 66 113 -66 -297 66 494
74 -74 66 66 -66 66 74 -74 66 66 -66 66 74 -74 66 113 -66 -297 66 494
74 -74 66 66 -66 66 74 -74 66 66 -66 66 74 -74 66 113 -66 -297 66 494
74 -74 66 66 -66 66 74 -74 66 66 -66 66 74 -74 66 113 -66 -297 66 494
74 -74 66 66 -66 66 74 -74 66 66 -66 -66 66 74 -74 66 113 -66 -297 66
74 -74 66 66 -66 66 74 -74 66 66 -66 66 74 -74 66 113 -66 -297 66 494
74 -74 66 66 -66 66 74 -74 66 66 -66 -66 66 74 -74 66 113 -66 -297 66
74 -74 66 66 -66 66 74 -74 66 66 -66 66 74 -74 66 113 -66 -297 66 494
74 -74 66 66 -66 66 74 -74 66 66 -66 66 74 -74 66 113 -66 -297 66 494
-74 -74 74 -74 66 66 -66 66 74 -74 66 66 -66 -66 66 74 -74 66 113 -66
74 -74 66 66 -66 66 74 -74 66 66 -66 66 -74 74 -66 -252 -366 66 66 594
66 -66 -66 66 -74 74 -66 -464 66 493 66 -66 -66 66 74 -74 66 113 -66 -74
74 -66 -464 66 493 66 -66 -66 66 -245 66 1434 953 -66 -66 -66 66 -66 74 -74
74 -74 66 66 -66 66 74 -74 66 66 -66 66 -74 74 -66 -464 66 493 66 -66
-66 66 -74 74 -66 -464 66 -74 74 493 66 -66 -464 -66 66 -66 66 493 66 -66
74 -74 66 66 -66 66 74 -74 66 66 -66 -66 66 -74 74 -66 -464 66 493 66
-66 -66 66 -74 74 -66 -464 66 493 66 -66 -66 66 74 -74 66 113 -66 -297 66
74 -74 66 66 -66 66 74 -74 66 66 -66 66 -74 74 -66 -464 66 493 66 -66
-66 66 -74 74 -66 -464 66 493 66 -66 -66 66 74 -74 66 113 -66 -297 66 494
74 -74 66 66 -66 66 74 -74 66 66 -66 -66 66 74 -74 66 113 -66 -245 66
74 -74 66 66 -66 66 74 -74 66 66 -66 66 74 -74 66 113 -66 -297 66 494
74 -74 66 66 -66 -66 66 74 -74 66 66 -66 66 74 -74 66 113 -66 -297 66
74 -74 66 66 -66 66 74 -74 66 66 -66 66 74 -74 66 113 -66 -297 66 494
74 -74 66 66 -66 66 74 -74 66 66 -66 66 74 -74 66 113 -66 -297 66 494
74 -74 66 66 -66 66 74 -74 66 66 -66 66 74 -74 66 113 -66 -297 66 494
74 -74 66 66 -66 66 74 -74 66 66 -66 66 74 -74 66 113 -66 -297 66 494
74 -74 66 66 -66 66 74 -74 66 66 -66 66 74 -74 66 113 -66 -297 66 494
74 -74 66 66 -66 66 74 -74 66 66 -66 -66 66 74 -74 66 113 -66 -297 66
74 -74 66 66 -66 66 74 -74 66 66 -66 66 74 -74 66 113 -66 -297 66 494
74 -74 66 66 -66 66 74 -74 66 66 -66 -66 66 74 -74 66 113 -66 -297 66
74 -74 66 66 -66 66 74 -74 66 66 -66 66 74 -74 66 113 -66 -297 66 494
74 -74 66 66 -66 66 74 -74 66 66 -66 66 74 -74 66 113 -66 -297 66 494
-74 -74 74 -74 66 66 -66 66 74 -74 66 66 -66 -66 66 74 -74 66 113 -66
74 -74 66 66 -66 66 74 -74 66 66 -66 66 -74 74 -66 -252 -366 66 66 594
66 -66 -66 66 -74 74 -66 -464 66 493 66 -66 -66 66 74 -74 66 113 -66 -74
74 -66 -464 66 493 66 -66 -66 66 -245 66 1434 953 -66 -66 -66 66 -66 74 -74
74 -74 66 66 -66 66 74 -74 66 66 -66 66 -74 74 -66 -464 66 493 66 -66
-66 66 -74 74 -66 -464 66 -74 74 493 66 -66 -464 -66 66 -66 66 493 66 -66
74 -74 66 66 -66 66 74 -74 66 66 -66 -66 66 -74 74 -66 -464 66 493 66
-66 -66 66 -74 74 -66 -464 66 493 66 -66 -66 66 74 -74 66 113 -66 -297 66
74 -74 66 66 -66 66 74 -74 66 66 -66 66 -74 74 -66 -464 66 493 66 -66
-66 66 -74 74 -66 -464 66 493 66 -66 -66 66 74 -74 66 113 -66 -297 66 494
74 -74 66 66 -66 66 74 -74 66 66 -66 -66 66 74 -74 66 113 -66 -245 66
74 -74 66 66 -66 66 74 -74 66 66 -66 66 74 -74 66 113 -66 -297 66 494
74 -74 66 66 -66 -66 66 74 -74 66 66 -66 66 74 -74 66 113 -66 -297 66
74 -74 66 66 -66 66 74 -74 66 66 -66 66 74 -74 66 113 -66 -297 66 494
74 -74 66 66 -66 66 74 -74 66 66 -66 66 74 -74 66 113 -66 -297 66 494
74 -74 66 66 -66 66 74 -74 66 66 -66 66 74 -74 66 113 -66 -297 66 494
74 -74 66 66 -66 66 74 -74 66 66 -66 66 74 -74 66 113 -66 -297 66 494
74 -74 66 66 -66 66 74 -74 66 66 -66 66 74 -74 66 113 -66 -297 66 494
74 -74 66 66 -66 66 74 -74 66 66 -66 -66 66 74 -74 66 113 -66 -297 66
74 -74 66 66 -66 66 74 -74 66 66 -66 66 74 -74 66 113 -66 -297 66 494
74 -74 66 66 -66 66 74 -74 66 66 -66 -66 66 74 -74 66 113 -66 -297 66
74 -74 66 66 -66 66 74 -74 66 66 -66 66 74 -74 66 113 -66 -297 66 494
74 -74 66 66 -66 66 74 -74 66 66 -66 66 74 -74 66 113 -66 -297 66 494
-74 -74 74 -74 66 66 -66 66 74 -74 66 66 -66 -66 66 74 -74 66 113 -66
74 -74 66 66 -66 66 74 -74 66 66 -66 66 -74 74 -66 -252 -366 66 66 594
66 -66 -66 66 -74 74 -66 -464 66 493 66 -66 -66 66 74 -74 66 113 -66 -74
74 -66 -464 66 493 66 -66 -66 66 -245 66 1434 953 -66 -66 -66 66 -66 74 -74
74 -74 66 66 -66 66 74 -74 66 66 -66 66 -74 74 -66 -464 66 493 66 -66
-66 66 -74 74 -66 -464 66 -74 74 493 66 -66 -464 -66 66 -66 66 493 66 -66
74 -74 66 66 -66 66 74 -74 66 66 -66 -66 66 -74 74 -66 -464 66 493 66
-66 -66 66 -74 74 -66 -464 66 493 66 -66 -66 66 74 -74 66 113 -66 -297 66
74 -74 66 66 -66 66 74 -74 66 66 -66 66 -74 74 -66 -464 66 493 66 -66
-66 66 -74 74 -66 -464 66 493 66 -66 -66 66 74 -74 66 113 -66 -297 66 494
74 -74 66 66 -66 66 74 -74 66 66 -66 -66 66 74 -74 66 113 -66 -245 66
74 -74 66 66 -66 66 74 -74 66 66 -66 66 74 -74 66 113 -66 -297 66 494
74 -74 66 66 -66 -66 66 74 -74 66 66 -66 66 74 -74 66 113 -66 -297 66
74 -74 66 66 -66 66 74 -74 66 66 -66 66 74 -74 66 113 -66 -297 66 494
74 -74 66 66 -66 66 74 -74 66 66 -66 66 74 -74 66 113 -66 -297 66 494
74 -74 66 66 -66 66 74 -74 66 66 -66 66 74 -74 66 113 -66 -297 66 494
74 -74 66 66 -66 66 74 -74 66 66 -66 66 74 -74 66 113 -66 -297 66 494
74 -74 66 66 -66 66 74 -74 66 66 -66 66 74 -74 66 113 -66 -297 66 494
74 -74 66 66 -66 66 74 -74 66 66 -66 -66 66 74 -74 66 113 -66 -297 66
74 -74 66 66 -66 66 74 -74 66 66 -66 66 74 -74 66 113 -66 -297 66 494
74 -74 66 66 -66 66 74 -74 66 66 -66 -66 66 74 -74 66 113 -66 -297 66
74 -74 66 66 -66 66 74 -74 66 66 -66 66 74 -74 66 113 -66 -297 66 494
74 -74 66 66 -66 66 74 -74 66 66 -66 66 74 -74 66 113 -66 -297 66 494
-74 -74 74 -74 66 66 -66 66 74 -74 66 66 -66 -66 66 74 -74 66 113 -66
74 -74 66 66 -66 66 74 -74 66 66 -66 66 -74 74 -66 -252 -366 66 66 594
66 -66 -66 66 -74 74 -66 -464 66 493 66 -66 -66 66 74 -74 66 113 -66 -74
74 -66 -464 66 493 66 -66 -66 66 -245 66 1434 953 -66 -66 -66 66 -66 74 -74
74 -74 66 66 -66 66 74 -74 66 66 -66 66 -74 74 -66 -464 66 493 66 -66
-66 66 -74 74 -66 -464 66 -74 74 493 66 -66 -464 -66 66 -66 66 493 66 -66
74 -74 66 66 -66 66 74 -74 66 66 -66 -66 66 -74 74 -66 -464 66 493 66
-66 -66 66 -74 74 -66 -464 66 493 66 -66 -66 66 74 -74 66 113 -66 -297 66
74 -74 66 66 -66 66 74 -74 66 66 -66 66 -74 74 -66 -464 66 493 66 -66
-66 66 -74 74 -66 -464 66 493 66 -66 -66 66 74 -74 66 113 -66 -297 66 494
74 -74 66 66 -66 66 74 -74 66 66 -66 -66 66 74 -74 66 113 -66 -245 66
74 -74 66 66 -66 66 74 -74 66 66 -66 66 74 -74 66 113 -66 -297 66 494
74 -74 66 66 -66 -66 66 74 -74 66 66 -66 66 74 -74 66 113 -66 -297 66
74 -74 66 66 -66 66 74 -74 66 66 -66 66 74 -74 66 113 -66 -297 66 494
74 -74 66 66 -66 66 74 -74 66 66 -66 66 74 -74 66 113 -66 -297 66 494
74 -74 66 66 -66 66 74 -74 66 66 -66 66 74 -74 66 113 -66 -297 66 494
74 -74 66 66 -66 66 74 -74 66 66 -66 66 74 -74 66 113 -66 -297 66 494
74 -74 66 66 -66 66 74 -74 66 66 -66 66 74 -74 66 113 -66 -297 66 494
74 -74 66 66 -66 66 74 -74 66 66 -66 -66 66 74 -74 66 113 -66 -297 66
74 -74 66 66 -66 66 74 -74 66 66 -66 66 74 -74 66 113 -66 -297 66 494
74 -74 66 66 -66 66 74 -74 66 66 -66 -66 66 74 -74 66 113 -66 -297 66
74 -74 66 66 -66 66 74 -74 66 66 -66 66 74 -74 66 113 -66 -297 66 494
74 -74 66 66 -66 66 74 -74 66 66 -66 66 74 -74 66 113 -66 -297 66 494
-74 -74 74 -74 66 66 -66 66 74 -74 66 66 -66 -66 66 74 -74 66 113 -66
74 -74 66 66 -66 66 74 -74 66 66 -66 66 -74 74 -66 -252 -366 66 66 594
66 -66 -66 66 -74 74 -66 -464 66 493 66 -66 -66 66 74 -74 66 113 -66 -74
74 -66 -464 66 493 66 -66 -66 66 -245 66 1434 953 -66 -66 -66 66 -66 74 -74
74 -74 66 66 -66 66 74 -74 66 66 -66 66 -74 74 -66 -464 66 493 66 -66
-66 66 -74 74 -66 -464 66 -74 74 493 66 -66 -464 -66 66 -66 66 493 66 -66
74 -74 66 66 -66 66 74 -74 66 66 -66 -66 66 -74 74 -66 -464 66 493 66
-66 -66 66 -74 74 -66 -464 66 493 66 -66 -66 66 74 -74 66 113 -66 -297 66
74 -74 66 66 -66 66 74 -74 66 66 -66 66 -74 74 -66 -464 66 493 66 -66
-66 66 -74 74 -66 -464 66 493 66 -66 -66 66 74 -74 66 113 -66 -297 66 494
74 -74 66 66 -66 66 74 -74 66 66 -66 -66 66 74 -74 66 113 -66 -245 66
74 -74 66 66 -66 66 74 -74 66 66 -66 66 74 -74 66 113 -66 -297 66 494
74 -74 66 66 -66 -66 66 74 -74 66 66 -66 66 74 -74 66 113 -66 -297 66
74 -74 66 66 -66 66 74 -74 66 66 -66 66 74 -74 66 113 -66 -297 66 494
74 -74 66 66 -66 66 74 -74 66 66 -66 66 74 -74 66 113 -66 -297 66 494
74 -74 66 66 -66 66 74 -74 66 66 -66 66 74 -74 66 113 -66 -297 66 494
74 -74 66 66 -66 66 74 -74 66 66 -66 66 74 -74 66 113 -66 -297 66 494
74 -74 66 66 -66 66 74 -74 66 66 -66 66 74 -74 66 113 -66 -297 66 494
74 -74 66 66 -66 66 74 -74 66 66 -66 -66 66 74 -74 66 113 -66 -297 66
74 -74 66 66 -66 66 74 -74 66 66 -66 66 74 -74 66 113 -66 -297 66 494
74 -74 66 66 -66 66 74 -74 66 66 -66 -66 66 74 -74 66 113 -66 -297 66
74 -74 66 66 -66 66 74 -74 66 66 -66 66 74 -74 66 113 -66 -297 66 494
74 -74 66 66 -66 66 74 -74 66 66 -66 66 74 -74 66 113 -66 -297 66 494
-74 -74 74 -74 66 66 -66 66 74 -74 66 66 -66 -66 66 74 -74 66 113 -66
74 -74 66 66 -66 66 74 -74 66 66 -66 66 -74 74 -66 -252 -366 66 66 594
66 -66 -66 66 -74 74 -66 -464 66 493 66 -66 -66 66 74 -74 66 113 -66 -74
74 -66 -464 66 493 66 -66 -66 66 -245 66 1434 953 -66 -66 -66 66 -66 74 -74
74 -74 66 66 -66 66 74 -74 66 66 -66 66 -74 74 -66 -464 66 493 66 -66
-66 66 -74 74 -66 -464 66 -74 74 493 66 -66 -464 -66 66 -66 66 493 66 -66
74 -74 66 66 -66 66 74 -74 66 66 -66 -66 66 -74 74 -66 -464 66 493 66
-66 -66 66 -74 74 -66 -464 66 493 66 -66 -66 66 74 -74 66 113 -66 -297 66
74 -74 66 66 -66 66 74 -74 66 66 -66 66 -74 74 -66 -464 66 493 66 -66
-66 66 -74 74 -66 -464 66 493 66 -66 -66 66 74 -74 66 113 -66 -297 66 494
74 -74 66 66 -66 66 74 -74 66 66 -66 -66 66 74 -74 66 113 -66 -245 66
74 -74 66 66 -66 66 74 -74 66 66 -66 66 74 -74 66 113 -66 -297 66 494
74 -74 66 66 -66 -66 66 74 -74 66 66 -66 66 74 -74 66 113 -66 -297 66
74 -74 66 66 -66 66 74 -74 66 66 -66 66 74 -74 66 113 -66 -297 66 494
74 -74 66 66 -66 66 74 -74 66 66 -66 66 74 -74 66 113 -66 -297 66 494
74 -74 66 66 -66 66 74 -74 66 66 -66 66 74 -74 66 113 -66 -297 66 494
74 -74 66 66 -66 66 74 -74 66 66 -66 66 74 -74 66 113 -66 -297 66 494
74 -74 66 66 -66 66 74 -74 66 66 -66 66 74 -74 66 113 -66 -297 66 494
74 -74 66 66 -66 66 74 -74 66 66 -66 -66 66 74 -74 66 113 -66 -297 66
74 -74 66 66 -66 66 74 -74 66 66 -66 66 74 -74 66 113 -66 -297 66 494
74 -74 66 66 -66 66 74 -74 66 66 -66 -66 66 74 -74 66 113 -66 -297 66
74 -74 66 66 -66 66 74 -74 66 66 -66 66 74 -74 66 113 -66 -297 66 494
74 -74 66 66 -66 66 74 -74 66 66 -66 66 74 -74 66 113 -66 -297 66 494
-74 -74 74 -74 66 66 -66 66 74 -74 66 66 -66 -66 66 74 -74 66 113 -66
74 -74 66 66 -66 66 74 -74 66 66 -66 66 -74 74 -66 -252 -366 66 66 594
66 -66 -66 66 -74 74 -66 -464 66 493 66 -66 -66 66 74 -74 66 113 -66 -74
74 -66 -464 66 493 66 -66 -66 66 -245 66 1434 953 -66 -66 -66 66 -66 74 -74
74 -74 66 66 -66 66 74 -74 66 66 -66 66 -74 74 -66 -464 66 493 66 -66
-66 66 -74 74 -66 -464 66 -74 74 493 66 -66 -464 -66 66 -66 66 493 66 -66
74 -74 66 66 -66 66 74 -74 66 66 -66 -66 66 -74 74 -66 -464 66 493 66
-66 -66 66 -74 74 -66 -464 66 493 66 -66 -66 66 74 -74 66 113 -66 -297 66
74 -74 66 66 -66 66 74 -74 66 66 -66 66 -74 74 -66 -464 66 493 66 -66
-66 66 -74 74 -66 -464 66 493 66 -66 -66 66 74 -74 66 113 -66 -297 66 494
74 -74 66 66 -66 66 74 -74 66 66 -66 -66 66 74 -74 66 113 -66 -245 66
74 -74 66 66 -66 66 74 -74 66 66 -66 66 74 -74 66 113 -66 -297 66 494
74 -74 66 66 -66 -66 66 74 -74 66 66 -66 66 74 -74 66 113 -66 -297 66
74 -74 66 66 -66 66 74 -74 66 66 -66 66 74 -74 66 113 -66 -297 66 494
74 -74 66 66 -66 66 74 -74 66 66 -66 66 74 -74 66 113 -66 -297 66 494
74 -74 66 66 -66 66 74 -74 66 66 -66 66 74 -74 66 113 -66 -297 66 494
74 -74 66 66 -66 66 74 -74 66 66 -66 66 74 -74 66 113 -66 -297 66 494
74 -74 66 66 -66 66 74 -74 66 66 -66 66 74 -74 66 113 -66 -297 66 494
74 -74 66 66 -66 66 74 -74 66 66 -66 -66 66 74 -74 66 113 -66 -297 66
74 -74 66 66 -66 66 74 -74 66 66 -66 66 74 -74 66 113 -66 -297 66 494
74 -74 66 66 -66 66 74 -74 66 66 -66 -66 66 74 -74 66 113 -66 -297 66
74 -74 66 66 -66 66 74 -74 66 66 -66 66 74 -74 66 113 -66 -297 66 494
74 -74 66 66 -66 66 74 -74 66 66 -66 66 74 -74 66 113 -66 -297 66 494
-74 -74 74 -74 66 66 -66 66 74 -74 66 66 -66 -66 66 74 -74 66 113 -66
74 -74 66 66 -66 66 74 -74 66 66 -66 66 -74 74 -66 -252 -366 66 66 594
66 -66 -66 66 -74 74 -66 -464 66 493 66 -66 -66 66 74 -74 66 113 -66 -74
74 -66 -464 66 493 66 -66 -66 66 -245 66 1434 953 -66 -66 -66 66 -66 74 -74
74 -74 66 66 -66 66 74 -74 66 66 -66 66 -74 74 -66 -464 66 493 66 -66
-66 66 -74 74 -66 -464 66 -74 74 493 66 -66 -464 -66 66 -66 66 493 66 -66
74 -74 66 66 -66 66 74 -74 66 66 -66 -66 66 -74 74 -66 -464 66 493 66
-66 -66 66 -74 74 -66 -464 66 493 66 -66 -66 66 74 -74 66 113 -66 -297 66
74 -74 66 66 -66 66 74 -74 66 66 -66 66 -74 74 -66 -464 66 493 66 -66
-66 66 -74 74 -66 -464 66 493 66 -66 -66 66 74 -74 66 113 -66 -297 66 494
74 -74 66 66 -66 66 74 -74 66 66 -66 -66 66 74 -74 66 113 -66 -245 66
74 -74 66 66 -66 66 74 -74 66 66 -66 66 74 -74 66 113 -66 -297 66 494
74 -74 66 66 -66 -66 66 74 -74 66 66 -66 66 74 -74 66 113 -66 -297 66
74 -74 66 66 -66 66 74 -74 66 66 -66 66 74 -74 66 113 -66 -297 66 494
74 -74 66 66 -66 66 74 -74 66 66 -66 66 74 -74 66 113 -66 -297 66 494
74 -74 66 66 -66 66 74 -74 66 66 -66 66 74 -74 66 113 -66 -297 66 494
74 -74 66 66 -66 66 74 -74 66 66 -66 66 74 -74 66 113 -66 -297 66 494
74 -74 66 66 -66 66 74 -74 66 66 -66 66 74 -74 66 113 -66 -297 66 494
74 -74 66 66 -66 66 74 -74 66 66 -66 -66 66 74 -74 66 113 -66 -297 66
74 -74 66 66 -66 66 74 -74 66 66 -66 66 74 -74 66 113 -66 -297 66 494
74 -74 66 66 -66 66 74 -74 66 66 -66 -66 66 74 -74 66 113 -66 -297 66
74 -74 66 66 -66 66 74 -74 66 66 -66 66 74 -74 66 113 -66 -297 66 494
74 -74 66 66 -66 66 74 -74 66 66 -66 66 74 -74 66 113 -66 -297 66 494
-74 -74 74 -74 66 66 -66 66 74 -74 66 66 -66 -66 66 74 -74 66 113 -66
74 -74 66 66 -66 66 74 -74 66 66 -66 66 -74 74 -66 -252 -366 66 66 594
66 -66 -66 66 -74 74 -66 -464 66 493 66 -66 -66 66 74 -74 66 113 -66 -74
74 -66 -464 66 493 66 -66 -66 66 -245 66 1434 953 -66 -66 -66 66 -66 74 -74
74 -74 66 66 -66 66 74 -74 66 66 -66 66 -74 74 -66 -464 66 493 66 -66
-66 66 -74 74 -66 -464 66 -74 74 493 66 -66 -464 -66 66 -66 66 493 66 -66
74 -74 66 66 -66 66 74 -74 66 66 -66 -66 66 -74 74 -66 -464 66 493 66
-66 -66 66 -74 74 -66 -464 66 493 66 -66 -66 66 74 -74 66 113 -66 -297 66
74 -74 66 66 -66 66 74 -74 66 66 -66 66 -74 74 -66 -464 66 493 66 -66
-66 66 -74 74 -66 -464 66 493 66 -66 -66 66 74 -74 66 113 -66 -297 66 494
74 -74 66 66 -66 66 74 -74 66 66 -66 -66 66 74 -74 66 113 -66 -245 66
74 -74 66 66 -66 66 74 -74 66 66 -66 66 74 -74 66 113 -66 -297 66 494
74 -74 66 66 -66 -66 66 74 -74 66 66 -66 66 74 -74 66 113 -66 -297 66
74 -74 66 66 -66 66 74 -74 66 66 -66 66 74 -74 66 113 -66 -297 66 494
74 -74 66 66 -66 66 74 -74 66 66 -66 66 74 -74 66 113 -66 -297 66 494
74 -74 66 66 -66 66 74 -74 66 66 -66 66 74 -74 66 113 -66 -297 66 494
74 -74 66 66 -66 66 74 -74 66 66 -66 66 74 -74 66 113 -66 -297 66 494
74 -74 66 66 -66 66 74 -74 66 66 -66 66 74 -74 66 113 -66 -297 66 494
74 -74 66 66 -66 66 74 -74 66 66 -66 -66 66 74 -74 66 113 -66 -297 66
74 -74 66 66 -66 66 74 -74 66 66 -66 66 74 -74 66 113 -66 -297 66 494
74 -74 66 66 -66 66 74 -74 66 66 -66 -66 66 74 -74 66 113 -66 -297 66
74 -74 66 66 -66 66 74 -74 66 66 -66 66 74 -74 66 113 -66 -297 66 494
74 -74 66 66 -66 66 74 -74 66 66 -66 66 74 -74 66 113 -66 -297 66 494
-74 -74 74 -74 66 66 -66 66 74 -74 66 66 -66 -66 66 74 -74 66 113 -66
74 -74 66 66 -66 66 74 -74 66 66 -66 66 -74 74 -66 -252 -366 66 66 594
66 -66 -66 66 -74 74 -66 -464 66 493 66 -66 -66 66 74 -74 66 113 -66 -74
74 -66 -464 66 493 66 -66 -66 66 -245 66 1434 953 -66 -66 -66 66 -66 74 -74
74 -74 66 66 -66 66 74 -74 66 66 -66 66 -74 74 -66 -464 66 493 66 -66
-66 66 -74 74 -66 -464 66 -74 74 493 66 -66 -464 -66 66 -66 66 493 66 -66
74 -74 66 66 -66 66 74 -74 66 66 -66 -66 66 -74 74 -66 -464 66 493 66
-66 -66 66 -74 74 -66 -464 66 493 66 -66 -66 66 74 -74 66 113 -66 -297 66
74 -74 66 66 -66 66 74 -74 66 66 -66 66 -74 74 -66 -464 66 493 66 -66
-66 66 -74 74 -66 -464 66 493 66 -66 -66 66 74 -74 66 113 -66 -297 66 494
74 -74 66 66 -66 66 74 -74 66 66 -66 -66 66 74 -74 66 113 -66 -245 66
74 -74 66 66 -66 66 74 -74 66 66 -66 66 74 -74 66 113 -66 -297 66 494
74 -74 66 66 -66 -66 66 74 -74 66 66 -66 66 74 -74 66 113 -66 -297 66
74 -74 66 66 -66 66 74 -74 66 66 -66 66 74 -74 66 113 -66 -297 66 494
74 -74 66 66 -66 66 74 -74 66 66 -66 66 74 -74 66 113 -66 -297 66 494
74 -74 66 66 -66 66 74 -74 66 66 -66 66 74 -74 66 113 -66 -297 66 494
74 -74 66 66 -66 66 74 -74 66 66 -66 66 74 -74 66 113 -66 -297 66 494
74 -74 66 66 -66 66 74 -74 66 66 -66 66 74 -74 66 113 -66 -297 66 494
74 -74 66 66 -66 66 74 -74 66 66 -66 -66 66 74 -74 66 113 -66 -297 66
74 -74 66 66 -66 66 74 -74 66 66 -66 66 74 -74 66 113 -66 -297 66 494
74 -74 66 66 -66 66 74 -74 66 66 -66 -66 66 74 -74 66 113 -66 -297 66
74 -74 66 66 -66 66 74 -74 66 66 -66 66 74 -74 66 113 -66 -297 66 494
74 -74 66 66 -66 66 74 -74 66 66 -66 66 74 -74 66 113 -66 -297 66 494
-74 -74 74 -74 66 66 -66 66 74 -74 66 66 -66 -66 66 74 -74 66 113 -66
74 -74 66 66 -66 66 74 -74 66 66 -66 66 -74 74 -66 -252 -366 66 66 594
66 -66 -66 66 -74 74 -66 -464 66 493 66 -66 -66 66 74 -74 66 113 -66 -74
74 -66 -464 66 493 66 -66 -66 66 -245 66 1434 953 -66 -66 -66 66 -66 74 -74
74 -74 66 66 -66 66 74 -74 66 66 -66 66 -74 74 -66 -464 66 493 66 -66
-66 66 -74 74 -66 -464 66 -74 74 493 66 -66 -464 -66 66 -66 66 493 66 -66
74 -74 66 66 -66 66 74 -74 66 66 -66 -66 66 -74 74 -66 -464 66 493 66
-66 -66 66 -74 74 -66 -464 66 493 66 -66 -66 66 74 -74 66 113 -66 -297 66
74 -74 66 66 -66 66 74 -74 66 66 -66 66 -74 74 -66 -464 66 493 66 -66
-66 66 -74 74 -66 -464 66 493 66 -66 -66 66 74 -74 66 113 -66 -297 66 494
74 -74 66 66 -66 66 74 -74 66 66 -66 -66 66 74 -74 66 113 -66 -245 66
74 -74 66 66 -66 66 74 -74 66 66 -66 66 74 -74 66 113 -66 -297 66 494
74 -74 66 66 -66 -66 66 74 -74 66 66 -66 66 74 -74 66 113 -66 -297 66
74 -74 66 66 -66 66 74 -74 66 66 -66 66 74 -74 66 113 -66 -297 66 494
74 -74 66 66 -66 66 74 -74 66 66 -66 66 74 -74 66 113 -66 -297 66 494
74 -74 66 66 -66 66 74 -74 66 66 -66 66 74 -74 66 113 -66 -297 66 494
74 -74 66 66 -66 66 74 -74 66 66 -66 66 74 -74 66 113 -66 -297 66 494
74 -74 66 66 -66 66 74 -74 66 66 -66 66 74 -74 66 113 -66 -297 66 494
74 -74 66 66 -66 66 74 -74 66 66 -66 -66 66 74 -74 66 113 -66 -297 66
74 -74 66 66 -66 66 74 -74 66 66 -66 66 74 -74 66 113 -66 -297 66 494
74 -74 66 66 -66 66 74 -74 66 66 -66 -66 66 74 -74 66 113 -66 -297 66
74 -74 66 66 -66 66 74 -74 66 66 -66 66 74 -74 66 113 -66 -297 66 494
74 -74 66 66 -66 66 74 -74 66 66 -66 66 74 -74 66 113 -66 -297 66 494
-74 -74 74 -74 66 66 -66 66 74 -74 66 66 -66 -66 66 74 -74 66 113 -66
74 -74 66 66 -66 66 74 -74 66 66 -66 66 -74 74 -66 -252 -366 66 66 594
66 -66 -66 66 -74 74 -66 -464 66 493 66 -66 -66 66 74 -74 66 113 -66 -74
74 -66 -464 66 493 66 -66 -66 66 -245 66 1434 953 -66 -66 -66 66 -66 74 -74
74 -74 66 66 -66 66 74 -74 66 66 -66 66 -74 74 -66 -464 66 493 66 -66
-66 66 -74 74 -66 -464 66 -74 74 493 66 -66 -464 -66 66 -66 66 493 66 -66
74 -74 66 66 -66 66 74 -74 66 66 -66 -66 66 -74 74 -66 -464 66 493 66
-66 -66 66 -74 74 -66 -464 66 493 66 -66 -66 66 74 -74 66 113 -66 -297 66
74 -74 66 66 -66 66 74 -74 66 66 -66 66 -74 74 -66 -464 66 493 66 -66
-66 66 -74 74 -66 -464 66 493 66 -66 -66 66 74 -74 66 113 -66 -297 66 494
74 -74 66 66 -66 66 74 -74 66 66 -66 -66 66 74 -74 66 113 -66 -245 66
74 -74 66 66 -66 66 74 -74 66 66 -66 66 74 -74 66 113 -66 -297 66 494
74 -74 66 66 -66 -66 66 74 -74 66 66 -66 66 74 -74 66 113 -66 -297 66
74 -74 66 66 -66 66 74 -74 66 66 -66 66 74 -74 66 113 -66 -297 66 494
74 -74 66 66 -66 66 74 -74 66 66 -66 66 74 -74 66 113 -66 -297 66 494
74 -74 66 66 -66 66 74 -74 66 66 -66 66 74 -74 66 113 -66 -297 66 494
74 -74 66 66 -66 66 74 -74 66 66 -66 66 74 -74 66 113 -66 -297 66 494
74 -74 66 66 -66 66 74 -74 66 66 -66 66 74 -74 66 113 -66 -297 66 494
74 -74 66 66 -66 66 74 -74 66 66 -66 -66 66 74 -74 66 113 -66 -297 66
74 -74 66 66 -66 66 74 -74 66 66 -66 66 74 -74 66 113 -66 -297 66 494
74 -74 66 66 -66 66 74 -74 66 66 -66 -66 66 74 -74 66 113 -66 -297 66
74 -74 66 66 -66 66 74 -74 66 66 -66 66 74 -74 66 113 -66 -297 66 494
74 -74 66 66 -66 66 74 -74 66 66 -66 66 74 -74 66 113 -66 -297 66 494
-74 -74 74 -74 66 66 -66 66 74 -74 66 66 -66 -66 66 74 -74 66 113 -66
74 -74 66 66 -66 66 74 -74 66 66 -66 66 -74 74 -66 -252 -366 66 66 594
66 -66 -66 66 -74 74 -66 -464 66 493 66 -66 -66 66 74 -74 66 113 -66 -74
74 -66 -464 66 493 66 -66 -66 66 -245 66 1434 953 -66 -66 -66 66 -66 74 -74
74 -74 66 66 -66 66 74 -74 66 66 -66 66 -74 74 -66 -464 66 493 66 -66
-66 66 -74 74 -66 -464 66 -74 74 493 66 -66 -464 -66 66 -66 66 493 66 -66
74 -74 66 66 -66 66 74 -74 66 66 -66 -66 66 -74 74 -66 -464 66 493 66
-66 -66 66 -74 74 -66 -464 66 493 66 -66 -66 66 74 -74 66 113 -66 -297 66
74 -74 66 66 -66 66 74 -74 66 66 -66 66 -74 74 -66 -464 66 493 66 -66
-66 66 -74 74 -66 -464 66 493 66 -66 -66 66 74 -74 66 113 -66 -297 66 494
74 -74 66 66 -66 66 74 -74 66 66 -66 -66 66 74 -74 66 113 -66 -245 66
74 -74 66 66 -66 66 74 -74 66 66 -66 66 74 -74 66 113 -66 -297 66 494
74 -74 66 66 -66 -66 66 74 -74 66 66 -66 66 74 -74 66 113 -66 -297 66
74 -74 66 66 -66 66 74 -74 66 66 -66 66 74 -74 66 113 -66 -297 66 494
74 -74 66 66 -66 66 74 -74 66 66 -66 66 74 -74 66 113 -66 -297 66 494
74 -74 66 66 -66 66 74 -74 66 66 -66 66 74 -74 66 113 -66 -297 66 494
74 -74 66 66 -66 66 74 -74 66 66 -66 66 74 -74 66 113 -66 -297 66 494
74 -74 66 66 -66 66 74 -74 66 66 -66 66 74 -74 66 113 -66 -297 66 494
74 -74 66 66 -66 66 74 -74 66 66 -66 -66 66 74 -74 66 113 -66 -297 66
74 -74 66 66 -66 66 74 -74 66 66 -66 66 74 -74 66 113 -66 -297 66 494
74 -74 66 66 -66 66 74 -74 66 66 -66 -66 66 74 -74 66 113 -66 -297 66
74 -74 66 66 -66 66 74 -74 66 66 -66 66 74 -74 66 113 -66 -297 66 494
74 -74 66 66 -66 66 74 -74 66 66 -66 66 74 -74 66 113 -66 -297 66 494
-74 -74 74 -74 66 66 -66 66 74 -74 66 66 -66 -66 66 74 -74 66 113 -66
74 -74 66 66 -66 66 74 -74 66 66 -66 66 -74 74 -66 -252 -366 66 66 594
66 -66 -66 66 -74 74 -66 -464 66 493 66 -66 -66 66 74 -74 66 113 -66 -74
74 -66 -464 66 493 66 -66 -66 66 -245 66 1434 953 -66 -66 -66 66 -66 74 -74
74 -74 66 66 -66 66 74 -74 66 66 -66 66 -74 74 -66 -464 66 493 66 -66
-66 66 -74 74 -66 -464 66 -74 74 493 66 -66 -464 -66 66 -66 66 493 66 -66
74 -74 66 66 -66 66 74 -74 66 66 -66 -66 66 -74 74 -66 -464 66 493 66
-66 -66 66 -74 74 -66 -464 66 493 66 -66 -66 66 74 -74 66 113 -66 -297 66
74 -74 66 66 -66 66 74 -74 66 66 -66 66 -74 74 -66 -464 66 493 66 -66
-66 66 -74 74 -66 -464 66 493 66 -66 -66 66 74 -74 66 113 -66 -297 66 494
74 -74 66 66 -66 66 74 -74 66 66 -66 -66 66 74 -74 66 113 -66 -245 66
74 -74 66 66 -66 66 74 -74 66 66 -66 66 74 -74 66 113 -66 -297 66 494
74 -74 66 66 -66 -66 66 74 -74 66 66 -66 66 74 -74 66 113 -66 -297 66
74 -74 66 66 -66 66 74 -74 66 66 -66 66 74 -74 66 113 -66 -297 66 494
74 -74 66 66 -66 66 74 -74 66 66 -66 66 74 -74 66 113 -66 -297 66 494
74 -74 66 66 -66 66 74 -74 66 66 -66 66 74 -74 66 113 -66 -297 66 494
74 -74 66 66 -66 66 74 -74 66 66 -66 66 74 -74 66 113 -66 -297 66 494
74 -74 66 66 -66 66 74 -74 66 66 -66 66 74 -74 66 113 -66 -297 66 494
74 -74 66 66 -66 66 74 -74 66 66 -66 -66 66 74 -74 66 113 -66 -297 66
74 -74 66 66 -66 66 74 -74 66 66 -66 66 74 -74 66 113 -66 -297 66 494
74 -74 66 66 -66 66 74 -74 66 66 -66 -66 66 74 -74 66 113 -66 -297 66
74 -74 66 66 -66 66 74 -74 66 66 -66 66 74 -74 66 113 -66 -297 66 494
74 -74 66 66 -66 66 74 -74 66 66 -66 66 74 -74 66 113 -66 -297 66 494
-74 -74 74 -74 66 66 -66 66 74 -74 66 66 -66 -66 66 74 -74 66 113 -66
74 -74 66 66 -66 66 74 -74 66 66 -66 66 -74 74 -66 -252 -366 66 66 594
66 -66 -66 66 -74 74 -66 -464 66 493 66 -66 -66 66 74 -74 66 113 -66 -74
74 -66 -464 66 493 66 -66 -66 66 -245 66 1434 953 -66 -66 -66 66 -66 74 -74
74 -74 66 66 -66 66 74 -74 66 66 -66 66 -74 74 -66 -464 66 493 66 -66
-66 66 -74 74 -66 -464 66 -74 74 493 66 -66 -464 -66 66 -66 66 493 66 -66
74 -74 66 66 -66 66 74 -74 66 66 -66 -66 66 -74 74 -66 -464 66 493 66
-66 -66 66 -74 74 -66 -464 66 493 66 -66 -66 66 74 -74 66 113 -66 -297 66
74 -74 66 66 -66 66 74 -74 66 66 -66 66 -74 74 -66 -464 66 493 66 -66
-66 66 -74 74 -66 -464 66 493 66 -66 -66 66 74 -74 66 113 -66 -297 66 494
74 -74 66 66 -66 66 74 -74 66 66 -66 -66 66 74 -74 66 113 -66 -245 66
74 -74 66 66 -66 66 74 -74 66 66 -66 66 74 -74 66 113 -66 -297 66 494
74 -74 66 66 -66 -66 66 74 -74 66 66 -66 66 74 -74 66 113 -66 -297 66
74 -74 66 66 -66 66 74 -74 66 66 -66 66 74 -74 66 113 -66 -297 66 494
74 -74 66 66 -66 66 74 -74 66 66 -66 66 74 -74 66 113 -66 -297 66 494
74 -74 66 66 -66 66 74 -74 66 66 -66 66 74 -74 66 113 -66 -297 66 494
74 -74 66 66 -66 66 74 -74 66 66 -66 66 74 -74 66 113 -66 -297 66 494
74 -74 66 66 -66 66 74 -74 66 66 -66 66 74 -74 66 113 -66 -297 66 494
74 -74 66 66 -66 66 74 -74 66 66 -66 -66 66 74 -74 66 113 -66 -297 66
74 -74 66 66 -66 66 74 -74 66 66 -66 66 74 -74 66 113 -66 -297 66 494
74 -74 66 66 -66 66 74 -74 66 66 -66 -66 66 74 -74 66 113 -66 -297 66
74 -74 66 66 -66 66 74 -74 66 66 -66 66 74 -74 66 113 -66 -297 66 494
74 -74 66 66 -66 66 74 -74 66 66 -66 66 74 -74 66 113 -66 -297 66 494
-74 -74 74 -74 66 66 -66 66 74 -74 66 66 -66 -66 66 74 -74 66 113 -66
74 -74 66 66 -66 66 74 -74 66 66 -66 66 -74 74 -66 -252 -366 66 66 594
66 -66 -66 66 -74 74 -66 -464 66 493 66 -66 -66 66 74 -74 66 113 -66 -74
74 -66 -464 66 493 66 -66 -66 66 -245 66 1434 953 -66 -66 -66 66 -66 74 -74
74 -74 66 66 -66 66 74 -74 66 66 -66 66 -74 74 -66 -464 66 493 66 -66
-66 66 -74 74 -66 -464 66 -74 74 493 66 -66 -464 -66 66 -66 66 493 66 -66
74 -74 66 66 -66 66 74 -74 66 66 -66 -66 66 -74 74 -66 -464 66 493 66
-66 -66 66 -74 74 -66 -464 66 493 66 -66 -66 66 74 -74 66 113 -66 -297 66
74 -74 66 66 -66 66 74 -74 66 66 -66 66 -74 74 -66 -464 66 493 66 -66
-66 66 -74 74 -66 -464 66 493 66 -66 -66 66 74 -74 66 113 -66 -297 66 494
74 -74 66 66 -66 66 74 -74 66 66 -66 -66 66 74 -74 66 113 -66 -245 66
74 -74 66 66 -66 66 74 -74 66 66 -66 66 74 -74 66 113 -66 -297 66 494
74 -74 66 66 -66 -66 66 74 -74 66 66 -66 66 74 -74 66 113 -66 -297 66
74 -74 66 66 -66 66 74 -74 66 66 -66 66 74 -74 66 113 -66 -297 66 494
74 -74 66 66 -66 66 74 -74 66 66 -66 66 74 -74 66 113 -66 -297 66 494
74 -74 66 66 -66 66 74 -74 66 66 -66 66 74 -74 66 113 -66 -297 66 494
74 -74 66 66 -66 66 74 -74 66 66 -66 66 74 -74 66 113 -66 -297 66 494
74 -74 66 66 -66 66 74 -74 66 66 -66 66 74 -74 66 113 -66 -297 66 494
74 -74 66 66 -66 66 74 -74 66 66 -66 -66 66 74 -74 66 113 -66 -297 66
74 -74 66 66 -66 66 74 -74 66 66 -66 66 74 -74 66 113 -66 -297 66 494
74 -74 66 66 -66 66 74 -74 66 66 -66 -66 66 74 -74 66 113 -66 -297 66
74 -74 66 66 -66 66 74 -74 66 66 -66 66 74 -74 66 113 -66 -297 66 494
74 -74 66 66 -66 66 74 -74 66 66 -66 66 74 -74 66 113 -66 -297 66 494
-74 -74 74 -74 66 66 -66 66 74 -74 66 66 -66 -66 66 74 -74 66 113 -66
74 -74 66 66 -66 66 74 -74 66 66 -66 66 -74 74 -66 -252 -366 66 66 594
66 -66 -66 66 -74 74 -66 -464 66 493 66 -66 -66 66 74 -74 66 113 -66 -74
74 -66 -464 66 493 66 -66 -66 66 -245 66 1434 953 -66 -66 -66 66 -66 74 -74
74 -74 66 66 -66 66 74 -74 66 66 -66 66 -74 74 -66 -464 66 493 66 -66
-66 66 -74 74 -66 -464 66 -74 74 493 66 -66 -464 -66 66 -66 66 493 66 -66
74 -74 66 66 -66 66 74 -74 66 66 -66 -66 66 -74 74 -66 -464 66 493 66
-66 -66 66 -74 74 -66 -464 66 493 66 -66 -66 66 74 -74 66 113 -66 -297 66
74 -74 66 66 -66 66 74 -74 66 66 -66 66 -74 74 -66 -464 66 493 66 -66
-66 66 -74 74 -66 -464 66 493 66 -66 -66 66 74 -74 66 113 -66 -297 66 494
74 -74 66 66 -66 66 74 -74 66 66 -66 -66 66 74 -74 66 113 -66 -245 66
74 -74 66 66 -66 66 74 -74 66 66 -66 66 74 -74 66 113 -66 -297 66 494
74 -74 66 66 -66 -66 66 74 -74 66 66 -66 66 74 -74 66 113 -66 -297 66
74 -74 66 66 -66 66 74 -74 66 66 -66 66 74 -74 66 113 -66 -297 66 494
74 -74 66 66 -66 66 74 -74 66 66 -66 66 74 -74 66 113 -66 -297 66 494
74 -74 66 66 -66 66 74 -74 66 66 -66 66 74 -74 66 113 -66 -297 66 494
74 -74 66 66 -66 66 74 -74 66 66 -66 66 74 -74 66 113 -66 -297 66 494
74 -74 66 66 -66 66 74 -74 66 66 -66 66 74 -74 66 113 -66 -297 66 494
74 -74 66 66 -66 66 74 -74 66 66 -66 -66 66 74 -74 66 113 -66 -297 66
74 -74 66 66 -66 66 74 -74 66 66 -66 66 74 -74 66 113 -66 -297 66 494
74 -74 66 66 -66 66 74 -74 66 66 -66 -66 66 74 -74 66 113 -66 -297 66
74 -74 66 66 -66 66 74 -74 66 66 -66 66 74 -74 66 113 -66 -297 66 494
74 -74 66 66 -66 66 74 -74 66 66 -66 66 74 -74 66 113 -66 -297 66 494
-74 -74 74 -74 66 66 -66 66 74 -74 66 66 -66 -66 66 74 -74 66 113 -66
74 -74 66 66 -66 66 74 -74 66 66 -66 66 -74 74 -66 -252 -366 66 66 594
66 -66 -66 66 -74 74 -66 -464 66 493 66 -66 -66 66 74 -74 66 113 -66 -74
74 -66 -464 66 493 66 -66 -66 66 -245 66 1434 953 -66 -66 -66 66 -66 74 -74
74 -74 66 66 -66 66 74 -74 66 66 -66 66 -74 74 -66 -464 66 493 66 -66
-66 66 -74 74 -66 -464 66 -74 74 493 66 -66 -464 -66 66 -66 66 493 66 -66
74 -74 66 66 -66 66 74 -74 66 66 -66 -66 66 -74 74 -66 -464 66 493 66
-66 -66 66 -74 74 -66 -464 66 493 66 -66 -66 66 74 -74 66 113 -66 -297 66
74 -74 66 66 -66 66 74 -74 66 66 -66 66 -74 74 -66 -464 66 493 66 -66
-66 66 -74 74 -66 -464 66 493 66 -66 -66 66 74 -74 66 113 -66 -297 66 494
74 -74 66 66 -66 66 74 -74 66 66 -66 -66 66 74 -74 66 113 -66 -245 66
74 -74 66 66 -66 66 74 -74 66 66 -66 66 74 -74 66 113 -66 -297 66 494
74 -74 66 66 -66 -66 66 74 -74 66 66 -66 66 74 -74 66 113 -66 -297 66
74 -74 66 66 -66 66 74 -74 66 66 -66 66 74 -74 66 113 -66 -297 66 494
74 -74 66 66 -66 66 74 -74 66 66 -66 66 74 -74 66 113 -66 -297 66 494
74 -74 66 66 -66 66 74 -74 66 66 -66 66 74 -74 66 113 -66 -297 66 494
74 -74 66 66 -66 66 74 -74 66 66 -66 66 74 -74 66 113 -66 -297 66 494
74 -74 66 66 -66 66 74 -74 66 66 -66 66 74 -74 66 113 -66 -297 66 494
74 -74 66 66 -66 66 74 -74 66 66 -66 -66 66 74 -74 66 113 -66 -297 66
74 -74 66 66 -66 66 74 -74 66 66 -66 66 74 -74 66 113 -66 -297 66 494
74 -74 66 66 -66 66 74 -74 66 66 -66 -66 66 74 -74 66 113 -66 -297 66
74 -74 66 66 -66 66 74 -74 66 66 -66 66 74 -74 66 113 -66 -297 66 494
74 -74 66 66 -66 66 74 -74 66 66 -66 66 74 -74 66 113 -66 -297 66 494
-74 -74 74 -74 66 66 -66 66 74 -74 66 66 -66 -66 66 74 -74 66 113 -66
74 -74 66 66 -66 66 74 -74 66 66 -66 66 -74 74 -66 -252 -366 66 66 594
66 -66 -66 66 -74 74 -66 -464 66 493 66 -66 -66 66 74 -74 66 113 -66 -74
74 -66 -464 66 493 66 -66 -66 66 -245 66 1434 953 -66 -66 -66 66 -66 74 -74
74 -74 66 66 -66 66 74 -74 66 66 -66 66 -74 74 -66 -464 66 493 66 -66
-66 66 -74 74 -66 -464 66 -74 74 493 66 -66 -464 -66 66 -66 66 493 66 -66
74 -74 66 66 -66 66 74 -74 66 66 -66 -66 66 -74 74 -66 -464 66 493 66
-66 -66 66 -74 74 -66 -464 66 493 66 -66 -66 66 74 -74 66 113 -66 -297 66
74 -74 66 66 -66 66 74 -74 66 66 -66 66 -74 74 -66 -464 66 493 66 -66
-66 66 -74 74 -66 -464 66 493 66 -66 -66 66 74 -74 66 113 -66 -297 66 494
74 -74 66 66 -66 66 74 -74 66 66 -66 -66 66 74 -74 66 113 -66 -245 66
74 -74 66 66 -66 66 74 -74 66 66 -66 66 74 -74 66 113 -66 -297 66 494
74 -74 66 66 -66 -66 66 74 -74 66 66 -66 66 74 -74 66 113 -66 -297 66
74 -74 66 66 -66 66 74 -74 66 66 -66 66 74 -74 66 113 -66 -297 66 494
74 -74 66 66 -66 66 74 -74 66 66 -66 66 74 -74 66 113 -66 -297 66 494
74 -74 66 66 -66 66 74 -74 66 66 -66 66 74 -74 66 113 -66 -297 66 494
74 -74 66 66 -66 66 74 -74 66 66 -66 66 74 -74 66 113 -66 -297 66 494
74 -74 66 66 -66 66 74 -74 66 66 -66 66 74 -74 66 113 -66 -297 66 494
74 -74 66 66 -66 66 74 -74 66 66 -66 -66 66 74 -74 66 113 -66 -297 66
74 -74 66 66 -66 66 74 -74 66 66 -66 66 74 -74 66 113 -66 -297 66 494
74 -74 66 66 -66 66 74 -74 66 66 -66 -66 66 74 -74 66 113 -66 -297 66
74 -74 66 66 -66 66 74 -74 66 66 -66 66 74 -74 66 113 -66 -297 66 494
74 -74 66 66 -66 66 74 -74 66 66 -66 66 74 -74 66 113 -66 -297 66 494
-74 -74 74 -74 66 66 -66 66 74 -74 66 66 -66 -66 66 74 -74 66 113 -66
74 -74 66 66 -66 66 74 -74 66 66 -66 66 -74 74 -66 -252 -366 66 66 594
66 -66 -66 66 -74 74 -66 -464 66 493 66 -66 -66 66 74 -74 66 113 -66 -74
74 -66 -464 66 493 66 -66 -66 66 -245 66 1434 953 -66 -66 -66 66 -66 74 -74
74 -74 66 66 -66 66 74 -74 66 66 -66 66 -74 74 -66 -464 66 493 66 -66
-66 66 -74 74 -66 -464 66 -74 74 493 66 -66 -464 -66 66 -66 66 493 66 -66
74 -74 66 66 -66 66 74 -74 66 66 -66 -66 66 -74 74 -66 -464 66 493 66
-66 -66 66 -74 74 -66 -464 66 493 66 -66 -66 66 74 -74 66 113 -66 -297 66
74 -74 66 66 -66 66 74 -74 66 66 -66 66 -74 74 -66 -464 66 493 66 -66
-66 66 -74 74 -66 -464 66 493 66 -66 -66 66 74 -74 66 113 -66 -297 66 494
74 -74 66 66 -66 66 74 -74 66 66 -66 -66 66 74 -74 66 113 -66 -245 66
74 -74 66 66 -66 66 74 -74 66 66 -66 66 74 -74 66 113 -66 -297 66 494
74 -74 66 66 -66 -66 66 74 -74 66 66 -66 66 74 -74 66 113 -66 -297 66
74 -74 66 66 -66 66 74 -74 66 66 -66 66 74 -74 66 113 -66 -297 66 494
74 -74 66 66 -66 66 74 -74 66 66 -66 66 74 -74 66 113 -66 -297 66 494
74 -74 66 66 -66 66 74 -74 66 66 -66 66 74 -74 66 113 -66 -297 66 494
74 -74 66 66 -66 66 74 -74 66 66 -66 66 74 -74 66 113 -66 -297 66 494
74 -74 66 66 -66 66 74 -74 66 66 -66 66 74 -74 66 113 -66 -297 66 494
74 -74 66 66 -66 66 74 -74 66 66 -66 -66 66 74 -74 66 113 -66 -297 66
74 -74 66 66 -66 66 74 -74 66 66 -66 66 74 -74 66 113 -66 -297 66 494
74 -74 66 66 -66 66 74 -74 66 66 -66 -66 66 74 -74 66 113 -66 -297 66
74 -74 66 66 -66 66 74 -74 66 66 -66 66 74 -74 66 113 -66 -297 66 494
74 -74 66 66 -66 66 74 -74 66 66 -66 66 74 -74 66 113 -66 -297 66 494
-74 -74 74 -74 66 66 -66 66 74 -74 66 66 -66 -66 66 74 -74 66 113 -66
74 -74 66 66 -66 66 74 -74 66 66 -66 66 -74 74 -66 -252 -366 66 66 594
66 -66 -66 66 -74 74 -66 -464 66 493 66 -66 -66 66 74 -74 66 113 -66 -74
74 -66 -464 66 493 66 -66 -66 66 -245 66 1434 953 -66 -66 -66 66 -66 74 -74
74 -74 66 66 -66 66 74 -74 66 66 -66 66 -74 74 -66 -464 66 493 66 -66
-66 66 -74 74 -66 -464 66 -74 74 493 66 -66 -464 -66 66 -66 66 493 66 -66
74 -74 66 66 -66 66 74 -74 66 66 -66 -66 66 -74 74 -66 -464 66 493 66
-66 -66 66 -74 74 -66 -464 66 493 66 -66 -66 66 74 -74 66 113 -66 -297 66
74 -74 66 66 -66 66 74 -74 66 66 -66 66 -74 74 -66 -464 66 493 66 -66
-66 66 -74 74 -66 -464 66 493 66 -66 -66 66 74 -74 66 113 -66 -297 66 494
74 -74 66 66 -66 66 74 -74 66 66 -66 -66 66 74 -74 66 113 -66 -245 66
74 -74 66 66 -66 66 74 -74 66 66 -66 66 74 -74 66 113 -66 -297 66 494
74 -74 66 66 -66 -66 66 74 -74 66 66 -66 66 74 -74 66 113 -66 -297 66
74 -74 66 66 -66 66 74 -74 66 66 -66 66 74 -74 66 113 -66 -297 66 494
74 -74 66 66 -66 66 74 -74 66 66 -66 66 74 -74 66 113 -66 -297 66 494
74 -74 66 66 -66 66 74 -74 66 66 -66 66 74 -74 66 113 -66 -297 66 494
74 -74 66 66 -66 66 74 -74 66 66 -66 66 74 -74 66 113 -66 -297 66 494
74 -74 66 66 -66 66 74 -74 66 66 -66 66 74 -74 66 113 -66 -297 66 494
74 -74 66 66 -66 66 74 -74 66 66 -66 -66 66 74 -74 66 113 -66 -297 66
74 -74 66 66 -66 66 74 -74 66 66 -66 66 74 -74 66 113 -66 -297 66 494
74 -74 66 66 -66 66 74 -74 66 66 -66 -66 66 74 -74 66 113 -66 -297 66
74 -74 66 66 -66 66 74 -74 66 66 -66 66 74 -74 66 113 -66 -297 66 494
74 -74 66 66 -66 66 74 -74 66 66 -66 66 74 -74 66 113 -66 -297 66 494
-74 -74 74 -74 66 66 -66 66 74 -74 66 66 -66 -66 66 74 -74 66 113 -66
74 -74 66 66 -66 66 74 -74 66 66 -66 66 -74 74 -66 -252 -366 66 66 594
66 -66 -66 66 -74 74 -66 -464 66 493 66 -66 -66 66 74 -74 66 113 -66 -74
74 -66 -464 66 493 66 -66 -66 66 -245 66 1434 953 -66 -66 -66 66 -66 74 -74
74 -74 66 66 -66 66 74 -74 66 66 -66 66 -74 74 -66 -464 66 493 66 -66
-66 66 -74 74 -66 -464 66 -74 74 493 66 -66 -464 -66 66 -66 66 493 66 -66
74 -74 66 66 -66 66 74 -74 66 66 -66 -66 66 -74 74 -66 -464 66 493 66
-66 -66 66 -74 74 -66 -464 66 493 66 -66 -66 66 74 -74 66 113 -66 -297 66
74 -74 66 66 -66 66 74 -74 66 66 -66 66 -74 74 -66 -464 66 493 66 -66
-66 66 -74 74 -66 -464 66 493 66 -66 -66 66 74 -74 66 113 -66 -297 66 494
74 -74 66 66 -66 66 74 -74 66 66 -66 -66 66 74 -74 66 113 -66 -245 66
74 -74 66 66 -66 66 74 -74 66 66 -66 66 74 -74 66 113 -66 -297 66 494
74 -74 66 66 -66 -66 66 74 -74 66 66 -66 66 74 -74 66 113 -66 -297 66
74 -74 66 66 -66 66 74 -74 66 66 -66 66 74 -74 66 113 -66 -297 66 494
74 -74 66 66 -66 66 74 -74 66 66 -66 66 74 -74 66 113 -66 -297 66 494
74 -74 66 66 -66 66 74 -74 66 66 -66 66 74 -74 66 113 -66 -297 66 494
74 -74 66 66 -66 66 74 -74 66 66 -66 66 74 -74 66 113 -66 -297 66 494
74 -74 66 66 -66 66 74 -74 66 66 -66 66 74 -74 66 113 -66 -297 66 494
74 -74 66 66 -66 66 74 -74 66 66 -66 -66 66 74 -74 66 113 -66 -297 66
74 -74 66 66 -66 66 74 -74 66 66 -66 66 74 -74 66 113 -66 -297 66 494
74 -74 66 66 -66 66 74 -74 66 66 -66 -66 66 74 -74 66 113 -66 -297 66
74 -74 66 66 -66 66 74 -74 66 66 -66 66 74 -74 66 113 -66 -297 66 494
74 -74 66 66 -66 66 74 -74 66 66 -66 66 74 -74 66 113 -66 -297 66 494
-74 -74 74 -74 66 66 -66 66 74 -74 66 66 -66 -66 66 74 -74 66 113 -66
74 -74 66 66 -66 66 74 -74 66 66 -66 66 -74 74 -66 -252 -366 66 66 594
66 -66 -66 66 -74 74 -66 -464 66 493 66 -66 -66 66 74 -74 66 113 -66 -74
74 -66 -464 66 493 66 -66 -66 66 -245 66 1434 953 -66 -66 -66 66 -66 74 -74
74 -74 66 66 -66 66 74 -74 66 66 -66 66 -74 74 -66 -464 66 493 66 -66
-66 66 -74 74 -66 -464 66 -74 74 493 66 -66 -464 -66 66 -66 66 493 66 -66
74 -74 66 66 -66 66 74 -74 66 66 -66 -66 66 -74 74 -66 -464 66 493 66
-66 -66 66 -74 74 -66 -464 66 493 66 -66 -66 66 74 -74 66 113 -66 -297 66
74 -74 66 66 -66 66 74 -74 66 66 -66 66 -74 74 -66 -464 66 493 66 -66
-66 66 -74 74 -66 -464 66 493 66 -66 -66 66 74 -74 66 113 -66 -297 66 494
74 -74 66 66 -66 66 74 -74 66 66 -66 -66 66 74 -74 66 113 -66 -245 66
74 -74 66 66 -66 66 74 -74 66 66 -66 66 74 -74 66 113 -66 -297 66 494
74 -74 66 66 -66 -66 66 74 -74 66 66 -66 66 74 -74 66 113 -66 -297 66
74 -74 66 66 -66 66 74 -74 66 66 -66 66 74 -74 66 113 -66 -297 66 494
74 -74 66 66 -66 66 74 -74 66 66 -66 66 74 -74 66 113 -66 -297 66 494
74 -74 66 66 -66 66 74 -74 66 66 -66 66 74 -74 66 113 -66 -297 66 494
74 -74 66 66 -66 66 74 -74 66 66 -66 66 74 -74 66 113 -66 -297 66 494
74 -74 66 66 -66 66 74 -74 66 66 -66 66 74 -74 66 113 -66 -297 66 494
74 -74 66 66 -66 66 74 -74 66 66 -66 -66 66 74 -74 66 113 -66 -297 66
74 -74 66 66 -66 66 74 -74 66 66 -66 66 74 -74 66 113 -66 -297 66 494
74 -74 66 66 -66 66 74 -74 66 66 -66 -66 66 74 -74 66 113 -66 -297 66
74 -74 66 66 -66 66 74 -74 66 66 -66 66 74 -74 66 113 -66 -297 66 494
74 -74 66 66 -66 66 74 -74 66 66 -66 66 74 -74 66 113 -66 -297 66 494
-74 -74 74 -74 66 66 -66 66 74 -74 66 66 -66 -66 66 74 -74 66 113 -66
74 -74 66 66 -66 66 74 -74 66 66 -66 66 -74 74 -66 -252 -366 66 66 594
66 -66 -66 66 -74 74 -66 -464 66 493 66 -66 -66 66 74 -74 66 113 -66 -74
74 -66 -464 66 493 66 -66 -66 66 -245 66 1434 953 -66 -66 -66 66 -66 74 -74
74 -74 66 66 -66 66 74 -74 66 66 -66 66 -74 74 -66 -464 66 493 66 -66
-66 66 -74 74 -66 -464 66 -74 74 493 66 -66 -464 -66 66 -66 66 493 66 -66
74 -74 66 66 -66 66 74 -74 66 66 -66 -66 66 -74 74 -66 -464 66 493 66
-66 -66 66 -74 74 -66 -464 66 493 66 -66 -66 66 74 -74 66 113 -66 -297 66
74 -74 66 66 -66 66 74 -74 66 66 -66 66 -74 74 -66 -464 66 493 66 -66
-66 66 -74 74 -66 -464 66 493 66 -66 -66 66 74 -74 66 113 -66 -297 66 494
74 -74 66 66 -66 66 74 -74 66 66 -66 -66 66 74 -74 66 113 -66 -245 66
74 -74 66 66 -66 66 74 -74 66 66 -66 66 74 -74 66 113 -66 -297 66 494
74 -74 66 66 -66 -66 66 74 -74 66 66 -66 66 74 -74 66 113 -66 -297 66
74 -74 66 66 -66 66 74 -74 66 66 -66 66 74 -74 66 113 -66 -297 66 494
