1588 1440 1580 1717 1448 1247 1580 1580 1448 1580 1588 1440 1580 1448 80 1580 1580 1580 1580 1448
1580 1580 1580 1588 1440 1580 1448 80 1580 1580 1580 1580 1448 1448 1588 1440 1580 1448 80 1580
1580 1580 1580 1448 851 1580 1580 1448 1568 1568 1580 1580 1588 1448 1568 1460 80 1568 1568 1568
1568 1568 1568 1588 1568 1568 1568 1580 1440 1580 1741 1448 1247 1448 1580 1580 1460 1580 1448 1588
1440 1580 1850 1448 960 1448 1580 1580 1448 1568 1568 1588 1448 1568 1460 80 1568 1568 1568 1568
1568 1568 1407 1580 1460 1460 1588 1448 1568 1734 1460 1072 80 80 80 1568 1568 1568 1568 80
80 80 80 80 80 80 80 80 80 80 1568 1568 1568 1568 1568 1568 1568 1568 80 80
80 1568 80 80 80 80 1568 1568 80 80 80 80 1568 80 80 1568 1568 1568 80 80
80 80 1568 80 80 1568 80 80 1568 1568 80 80 80 80 1568 1568 80 1568 80 80
1568 80 80 1568 80 80 80 80 1568 80 80 80 80 1568 1568 1568 80 1568 80 80
1568 80 80 1568 80 80 1568 80 80 80 80 80 80 1568 1568 1568 80 1568 80 80
1568 80 80 1568 80 80 1568 80 80 80 80 80 80 1568 1568 1568 80 80 80 1568
80 80 1568 80 80 1568 80 80 1568 80 80 80 80 1568 1568 1568 80 80 1568 80
80 1568 80 80 1568 80 80 1568 80 80 80 80 1568 1568 80 1568 80 80 1568 80
80 1568 80 80 1568 80 80 1568 80 80 1568 80 80 1568 80 1568 80 80 1568 80
80 1568 80 80 1568 80 80 1568 80 80 1568 80 80 1568 80 1568 80 80 1568 80
80 1568 80 80 1568 80 80 1568 80 80 80 80 1568 1568 1360 1568 1460 1568 1568 1460
1460 1568 1568 1568 1568 1588 1440 1580 1448 80 1580 1580 1580 1580 1448 1580 1588 1440 1580 1448
1580 1448 1448 1588 1580 1448 1568 1460 80 1568 1568 1568 1568 1568 1568 1568 1460 1460 1568 1460
1588 1440 1580 1717 1448 1247 1580 1580 1448 1580 1588 1440 1580 1448 80 1580 1580 1580 1580 1448
1580 1580 1580 1588 1440 1580 1448 80 1580 1580 1580 1580 1448 1448 1588 1440 1580 1448 80 1580
1580 1580 1580 1580 1580 1448 1568 1568 1448 1588 1440 1580 1741 1448 1247 1448 1580 1580 1580 1580
1588 1448 1568 1460 80 1568 1568 1568 1568 1568 1568 1580 1448 1568 1568 1568 1580 1460 1588 1440
1580 1844 1448 1568 1568 1588 1448 1568 1460 80 1568 1568 1568 1568 1568 1568 960 1448 1580 1580
1580 1448 1407 1580 1460 1460 1588 1448 1568 1734 1460 1072 80 80 80 1568 1568 1568 1568 80
80 80 80 80 80 80 80 80 80 80 1568 1568 1568 1568 1568 1568 1568 1568 80 80
80 1568 80 1568 80 80 80 80 80 80 80 80 80 1568 1568 80 80 80 80 1568
1568 1568 80 80 1568 1568 80 80 80 80 80 80 1568 80 80 80 1568 1568 1568 80
80 1568 80 1568 80 80 80 80 1568 80 80 80 80 1568 1568 1568 80 80 1568 80
80 1568 80 80 1568 80 80 1568 80 80 80 80 80 80 1568 1568 1568 80 80 1568
80 80 1568 80 80 1568 80 80 80 80 80 80 1568 1568 1568 80 80 1568 80 80
80 80 1568 1568 80 80 80 80 80 80 1568 1568 1568 80 80 1568 80 80 80 80
1568 1568 80 80 80 80 80 80 1568 1568 1568 80 80 1568 80 80 80 80 1568 1568
80 80 1568 80 80 80 80 1568 1568 80 80 1568 80 80 80 80 1568 1568 80 80
1568 80 80 80 80 1568 1568 80 80 1568 80 80 80 80 1568 1568 80 80 1568 80
80 80 80 1568 1568 80 80 1568 80 1360 1568 1568 1460 1568 1568 1460 1460 1568 1568 1568
1568 1588 1440 1580 1448 80 1580 1580 1580 1580 1448 1580 1588 1440 1580 1448 1580 1448 1448 1588
1580 1448 1568 1460 80 1568 1568 1568 1568 1568 1568 1568 1460 1460 1568 1460 1568 1460 1568 1460
1588 1440 1580 1717 1448 1247 1580 1580 1448 1580 1588 1440 1580 1448 80 1580 1580 1580 1580 1448
1580 1580 1580 1588 1440 1580 1448 80 1580 1580 1580 1580 1448 1448 1588 1440 1580 1448 80 1580
1580 1580 1580 1580 1580 1448 1568 1568 1448 1588 1580 1580 1588 1448 1568 1440 1580 1741 1460 80
1568 1568 1568 1568 1568 1568 1448 1247 1448 1580 1580 1580 1568 1568 1568 1448 1580 1460 1568 1568
1588 1448 1568 1460 80 1568 1568 1568 1568 1568 1568 1407 1580 1460 1460 1588 1440 1580 1850 1448
960 1448 1580 1580 1448 1588 1448 1568 1734 1460 1072 80 80 80 1568 1568 1568 1568 80 80
80 80 80 80 80 80 80 80 80 1568 1568 1568 1568 1568 1568 1568 1568 80 80 80
80 80 1568 1568 80 80 80 80 80 80 80 80 1568 1568 80 80 80 80 1568 1568
1568 80 80 1568 1568 80 80 80 80 80 80 80 80 80 1568 1568 1568 80 80 1568
1568 80 1568 1568 80 80 1568 80 80 80 80 1568 1568 80 80 80 80 1568 1568 80
1568 80 80 80 1568 80 80 80 80 80 80 80 80 1568 1568 1568 1568 1568 80 80
80 1568 80 80 80 80 1568 80 80 1568 80 80 1568 1568 80 1568 1568 80 80 1568
80 80 80 80 1568 80 80 1568 80 80 1568 1568 80 1568 80 80 80 1568 80 80
80 80 80 80 80 80 1568 1568 1568 1568 1568 80 80 80 1568 80 80 1568 80 80
80 80 1568 80 80 1568 1568 80 1568 80 80 1568 80 80 80 80 1568 80 80 80
80 1568 1568 1568 80 80 1568 80 80 1568 80 80 1568 80 80 80 80 80 80 1568
1568 1568 80 80 1568 80 80 1568 80 80 1568 80 1360 1568 1568 1460 1568 1460 1460 1568
1568 1568 1460 1460 1568 1568 1568 1568 1588 1440 1580 1448 80 1580 1580 1580 1580 1448 1580 1588
1588 1440 1580 1717 1448 1247 1580 1580 1448 1580 1588 1440 1580 1448 80 1580 1580 1580 1580 1448
1580 1580 1580 1588 1440 1580 1448 80 1580 1580 1580 1580 1448 1448 1588 1440 1580 1448 80 1580
1580 1580 1580 1580 1580 1448 1568 1568 1448 1588 1440 1580 1741 1580 1580 1588 1448 1568 1448 1247
1448 1580 1580 1460 80 1568 1568 1568 1568 1568 1568 1580 1568 1568 1568 1448 1580 1460 1588 1440
1580 1846 1448 960 1448 1580 1580 1448 1588 1448 1568 1734 1460 1072 80 80 80 1568 1568 1568
1568 80 80 80 80 80 80 1568 80 80 1568 1568 80 80 80 1568 1568 1568 1568 1568
80 80 80 80 80 1568 80 1568 80 80 80 80 80 80 80 1568 1568 80 80 80
80 1568 1568 1568 80 80 1568 1568 80 80 80 80 80 80 80 80 80 1568 1568 1568
1568 80 80 1568 80 1568 1568 80 80 1568 80 80 1568 80 80 80 80 80 80 1568
1568 1568 80 1568 80 80 80 1568 80 80 1568 80 80 80 80 1568 80 80 1568 1568
1568 80 1460 1568 80 80 1568 80 80 1568 80 80 1568 80 80 80 80 1568 1568 80
1568 80 80 1568 80 80 1568 80 80 1568 80 80 80 80 1568 1568 80 80 1568 80
80 1568 80 80 1568 80 80 1568 80 80 1568 80 80 1568 80 80 1568 80 80 1568
80 80 1568 80 80 1568 80 80 1568 80 80 1568 80 80 1568 80 80 1568 80 80
1568 80 80 1568 80 80 80 80 1568 1568 80 80 1568 80 80 1568 80 80 1568 80
80 1568 80 80 80 80 1568 1568 80 80 1568 80 80 1568 80 1360 1568 1568 1460 1568
1460 1568 1568 1588 1440 1580 1448 80 1580 1580 1580 1580 1448 1580 1588 1440 1580 1448 1580 1448
1448 1588 1580 1448 1568 1460 80 1568 1568 1568 1568 1568 1568 1568 1460 1460 1568 1460 1568 1460
1588 1440 1580 1717 1448 1247 1580 1580 1448 1580 1588 1440 1580 1448 80 1580 1580 1580 1580 1448
1580 1580 1580 1588 1440 1580 1448 80 1580 1580 1580 1580 1448 1448 1588 1440 1580 1448 80 1580
1580 1580 1580 1580 1580 1448 1568 1568 1448 1588 1440 1580 1741 1580 1580 1588 1448 1568 1460 80
1568 1568 1568 1568 1568 1568 1448 1247 1448 1580 1580 1580 1448 1568 1568 1568 1580 1460 1588 1440
1580 1852 1448 1568 1568 1588 1448 1568 1460 80 1568 1568 1568 1568 1568 1568 960 1448 1580 1580
1448 1407 1580 1460 1460 1588 1448 1568 1734 1460 1072 80 80 80 1568 1568 1568 1568 80 80
80 80 80 80 80 80 80 80 80 1568 1568 1568 1568 1568 1568 1568 1568 80 80 80
80 80 80 1568 1568 80 80 80 80 80 80 80 1568 1568 80 80 80 80 1568 1568
1568 80 80 1568 1568 80 80 80 80 80 80 80 80 80 1568 1568 1568 1568 80 80
1568 80 1568 80 80 80 80 1568 1568 80 80 1568 80 80 1568 80 80 1568 80 80
1568 80 80 80 80 80 80 1568 1568 80 1568 80 1568 80 80 1568 80 80 1568 80
80 80 80 80 80 1568 80 80 1568 1568 1568 80 80 1568 80 80 1568 80 80 1568
80 80 80 80 1568 1568 80 80 1568 80 80 1568 80 80 1568 80 80 1568 80 80
80 80 80 80 1568 1568 1568 80 80 1568 80 80 1568 80 80 1568 80 80 80 1568
80 80 80 1568 1568 80 80 1568 80 80 1568 80 80 1568 80 80 1568 80 80 80
80 1568 80 80 1568 1568 80 80 1568 80 80 80 80 80 80 1568 1568 1568 80 80
80 80 1568 1568 80 80 1568 80 1360 1568 1568 1460 1568 1568 1460 1460 1568 1568 1568 1568
1588 1440 1580 1448 80 1580 1580 1580 1580 1448 1580 1588 1440 1580 1448 1580 1448 1448 1588 1580
1448 1568 1460 80 1568 1568 1568 1568 1568 1568 1568 1460 1460 1568 1460 1568 1460 1568 1460 1568
1588 1440 1580 1717 1448 1247 1580 1580 1448 1580 1588 1440 1580 1448 80 1580 1580 1580 1580 1448
1580 1580 1580 1588 1440 1580 1448 80 1580 1580 1580 1580 1448 1448 1588 1440 1580 1448 80 1580
1580 1580 1580 1580 1580 1448 1568 1568 1448 1580 1580 1588 1448 1568 1460 80 1568 1568 1568 1568
1568 1568 1588 1440 1580 1741 1448 1247 1448 1580 1580 1568 1568 1568 1580 1580 1460 1448 1568 1568
1568 1568 1588 1448 1568 1460 80 1568 1568 1568 1568 1568 1568 1568 1568 1568 1460 1588 1440 1580
1842 1448 1460 960 1448 1580 1580 1448 1588 1448 1568 1734 1460 1072 80 80 80 1568 1568 1568
1568 80 80 80 80 80 80 80 80 80 80 80 1568 1568 1568 1568 1568 1568 1568 1568
80 80 80 80 80 80 80 1568 1568 1568 80 80 80 80 80 80 1568 1568 1568 1568
80 80 80 80 80 80 1568 1568 1568 80 80 1568 80 80 1568 80 80 1568 80 1568
80 80 1568 80 80 80 80 80 80 1568 1568 1568 80 80 1568 80 80 1568 80 1568
80 80 1568 80 80 80 80 1568 80 80 1568 80 80 80 80 1568 1568 1568 80 1568
80 80 1568 80 80 80 80 80 80 80 80 80 80 1568 1568 1568 1568 1568 80 80
80 1568 80 80 1568 80 80 80 80 80 80 1568 80 80 1568 1568 1568 1568 80 80
1568 80 80 1568 80 80 80 80 80 80 1568 80 80 1568 1568 1568 80 1568 80 80
1568 80 80 1568 80 80 1568 80 80 1568 80 80 80 80 1568 1568 80 1568 80 80
1568 80 80 1568 80 80 1568 80 80 1568 80 80 80 80 1568 1568 80 80 80 1568
80 80 1568 80 80 1568 80 80 1568 80 80 80 80 1568 1568 1568 1360 1568 1460 1460
1568 1568 1568 1460 1460 1568 1568 1568 1568 1588 1440 1580 1448 80 1580 1580 1580 1580 1448 1580
1588 1440 1580 1448 1580 1448 1448 1588 1580 1448 1568 1460 80 1568 1568 1568 1568 1568 1568 1568
1588 1440 1580 1717 1448 1247 1580 1580 1448 1580 1588 1440 1580 1448 80 1580 1580 1580 1580 1448
1580 1580 1580 1588 1440 1580 1448 80 1580 1580 1580 1580 1448 1448 1588 1440 1580 1448 80 1580
1580 1580 1580 1580 1580 1448 1568 1568 1448 1588 1580 1580 1588 1448 1568 1460 80 1568 1568 1568
1568 1568 1568 1440 1580 1741 1448 1247 1448 1580 1580 1568 1568 1568 1580 1460 1580 1448 1588 1440
1580 1848 1448 960 1448 1580 1568 1568 1588 1448 1568 1580 1580 1448 1460 80 1568 1568 1568 1568
1568 1568 1407 1580 1460 1460 1588 1448 1568 1734 1460 1072 80 80 80 1568 1568 1568 1568 80
80 80 80 80 80 80 80 80 80 80 1568 1568 1568 1568 1568 1568 1568 1568 80 80
80 1568 80 80 80 80 80 80 1568 1568 80 80 80 80 1568 1568 1568 1568 80 80
1568 80 80 1568 80 80 80 80 1568 80 80 1568 80 80 1568 1568 80 1568 80 80
1568 80 80 1568 80 80 1568 80 80 1568 80 80 80 80 1568 1568 80 1568 80 80
1568 80 80 1568 80 80 1568 80 80 1568 80 80 1568 80 80 1568 80 80 80 1568
80 80 1568 80 80 1568 80 80 1568 80 80 1568 80 80 1568 1568 80 80 80 80
1568 1568 80 80 80 80 1568 80 80 80 80 1568 1568 1568 80 1568 80 80 80 80
1568 1568 80 80 1568 80 80 80 80 80 80 1568 1568 1568 80 1568 80 80 80 80
1568 1568 80 80 1568 80 80 80 80 1568 80 80 1568 1568 80 1568 80 80 80 80
1568 1568 80 80 1568 80 80 1568 80 80 80 80 1568 1568 80 80 80 80 80 1568
1568 80 80 1568 80 80 1568 80 80 80 80 1568 1568 1568 1360 1568 1460 1568 1568 1460
1460 1568 1568 1568 1568 1588 1440 1580 1448 80 1580 1580 1580 1580 1448 1580 1568 1448 1568 1588
1440 1580 1448 1580 1448 1448 1588 1448 1580 1568 1460 80 1568 1568 1568 1568 1568 1568 1568 1460
1588 1440 1580 1717 1448 1247 1580 1580 1448 1580 1588 1440 1580 1448 80 367 1580 1580 1580 1592
1580 1448 1580 1580 1580 1588 1440 1580 1448 80 1580 1580 1580 1580 1448 1588 1440 1580 1448 80
1580 1580 1580 1580 1448 1580 1580 1448 1568 1568 1580 1580 1588 1448 1568 1460 80 1568 1568 1568
1568 1568 1568 1588 1568 1568 1568 1580 1460 1440 1580 1741 1448 1247 1448 1580 1580 1448 1588 1440
1580 1838 1448 960 1448 1580 1580 1448 1568 1568 1588 1448 1568 1460 80 1568 1568 1568 1568 1568
1568 1407 1580 1460 1460 1588 1448 1568 1734 1460 1072 80 80 80 1568 1568 1568 1568 80 80
80 80 80 80 80 80 80 80 80 1568 1568 1568 1568 1568 1568 1568 1568 80 80 80
80 80 80 1568 80 80 80 80 80 1568 80 80 1568 1568 1568 1568 1568 80 80 1568
80 80 80 80 80 80 1568 80 80 1568 1568 1568 80 80 1568 80 1568 80 80 1568
80 80 80 80 1568 1568 80 80 80 80 80 80 1568 1568 1568 80 1568 80 80 1568
80 80 80 80 1568 80 80 1568 80 80 80 80 1568 1568 1568 80 1568 80 80 1568
80 80 80 80 1568 1568 80 80 1568 80 80 80 80 1568 1568 80 80 80 1568 80
80 80 80 1568 80 80 1568 80 80 1568 80 80 1568 1568 1568 80 80 1568 80 80
1568 80 80 1568 80 80 80 80 1568 80 1568 80 1568 80 1568 80 80 1568 80 80
80 1568 80 1568 80 80 80 80 80 80 1568 1568 1568 80 1568 80 80 1568 80 80
1568 80 80 1568 80 80 80 80 80 80 1568 1568 1568 80 1568 80 80 1568 80 80
1568 80 80 1568 80 80 80 80 80 80 1568 1568 1568 1360 1568 1460 1568 1568 1460 1460
1568 1568 1568 1568 1588 1440 1580 1448 80 1580 1580 1580 1580 1448 1580 1588 1440 1580 1448 1580
1448 1448 1588 1580 1448 1568 1460 80 1568 1568 1568 1568 1568 1568 1568 1460 1460 1568 1460 1568
1588 1440 1580 1717 1448 1247 1580 1580 1448 1580 1588 1440 1580 1448 80 1580 1580 1580 1580 1448
1580 1580 1580 1588 1440 1580 1448 80 1580 1580 1580 1580 1448 1448 1588 1440 1580 1448 80 1580
1580 1580 1580 1580 1580 1448 1568 1568 1448 1580 1580 1588 1440 1580 1741 1588 1448 1568 1460 1448
1247 1448 1580 1580 80 1568 1568 1568 1568 1568 1568 1448 1460 1568 1568 1568 1580 1460 1588 1440
1580 1844 1448 960 1580 1448 1580 1448 1588 1448 1568 1734 1460 1072 80 80 80 1568 1568 1568
1568 80 80 80 80 80 80 80 80 80 80 80 1568 1568 1568 1568 1568 1568 1568 1568
80 80 80 80 80 80 80 80 80 80 80 80 80 1568 1568 1568 1568 1568 1568 1568
80 80 80 80 80 80 80 80 80 80 1568 1568 80 80 1568 1568 1568 1568 80 1568
80 80 1568 80 80 1568 80 80 80 80 80 80 80 80 1568 1568 1568 1568 80 1568
80 80 1568 80 80 80 80 80 80 80 80 80 80 1568 1568 1568 1568 1568 80 80
80 1568 80 80 1568 80 80 80 80 80 80 80 80 1568 1568 1568 1568 1568 80 80
1568 80 80 1568 80 80 80 80 80 80 1568 1568 80 80 1568 1568 80 1568 80 80
1568 80 80 1568 80 80 1568 80 80 80 80 80 80 1568 1568 1568 80 1460 1568 1568
80 80 1568 80 80 1568 80 80 1568 80 80 80 80 80 80 1568 1568 1568 80 80
80 1568 80 80 1568 80 80 1568 80 80 1568 80 80 80 80 1568 1568 1568 80 80
1568 80 80 1568 80 80 1568 80 80 1568 80 80 80 80 1568 1568 80 1568 1360 1568
1460 1568 1460 1568 1568 1588 1440 1580 1448 80 1580 1580 1580 1580 1448 1580 1588 1440 1580 1448
1580 1448 1448 1417 1592 1588 1580 1448 1568 1460 80 1568 1568 1568 1568 1568 1568 1568 1460 1460
1568 1588 1448 1568 1460 1568 1568 1568 1568 1460 1460 1460 1460 1568 1460 1568 1460 1568 1460 1568
1588 1440 1580 1717 1448 1247 1580 1580 1448 1580 1588 1440 1580 1448 80 1580 1580 1580 1580 1448
1580 1580 1580 1588 1440 1580 1448 80 1580 1580 1580 1580 1448 1448 1588 1440 1580 1448 80 1580
1580 1580 1580 1448 1580 1580 1448 1568 1568 1588 1440 1580 1580 1580 1741 1588 1448 1568 1460 80
1568 1568 1568 1568 1568 1568 1448 1247 1448 1580 1580 1580 1568 1568 1568 1448 1580 1460 1588 1440
1580 1844 1448 960 1448 1580 1580 1448 1588 1448 1568 1734 1460 1072 80 80 80 1568 1568 1568
1568 80 80 80 80 80 1568 80 80 80 80 80 80 1568 1568 1568 1568 1568 1568 1568
80 80 80 80 80 80 80 1568 1568 80 80 80 80 80 80 1568 1568 80 80 80
80 1568 1568 1568 80 80 1568 1568 80 80 80 80 80 80 80 80 80 1568 1568 1568
1568 80 80 1568 1568 80 1568 80 80 1568 80 80 80 80 1568 1568 80 80 80 80
1568 1568 80 1568 80 80 80 1568 80 80 80 80 80 80 80 80 1568 1568 1568 1568
1568 1460 1568 80 80 80 1568 80 80 80 80 1568 80 80 80 80 1568 1568 1568 80
1568 80 80 1568 80 80 1568 80 80 80 80 80 80 1568 1568 1568 80 80 1568 80
80 1568 80 80 1568 80 80 80 80 80 80 1568 1568 1568 80 80 1568 80 80 1568
80 80 1568 80 80 1568 80 80 80 80 1568 1568 80 80 1568 80 80 1568 80 80
1568 80 80 80 80 80 80 1568 1568 1568 80 80 1568 80 80 1568 80 80 1568 80
80 1568 80 80 80 80 1568 1568 80 80 1568 80 80 1568 80 1360 1568 1568 1460 1568
1460 1568 1568 1588 1440 1580 1448 80 1580 1580 1580 1580 1448 1580 1568 1588 1440 1580 1448 1580
1448 1448 1588 1580 1448 1568 1460 80 1568 1568 1568 1568 1568 1568 1568 1460 1460 1568 1460 1568
1588 1440 1580 1717 1448 1247 1580 1580 1448 1580 1588 1440 1580 1448 80 1580 1580 1580 1580 1448
1580 1580 1580 1588 1440 1580 1448 80 1580 1580 1580 1580 1448 1448 1588 1440 1580 1448 80 1580
1580 1580 1580 1580 1580 1448 1568 1568 1448 1580 1580 1588 1448 1568 1588 1460 80 1568 1568 1568
1568 1451 1568 1568 1580 1440 1580 1741 1568 1568 1568 1580 1460 1448 1247 1448 1580 1580 1448 1568
1588 1448 1568 1460 80 1568 1568 1568 1568 1568 1568 1407 1580 1460 1460 1588 1440 1580 1840 1448
960 1448 1580 1580 1448 1588 1448 1568 1734 1460 1072 80 80 80 1568 1568 1568 1568 80 80
1568 1568 80 80 80 80 80 80 80 80 80 1568 1568 1568 1568 1568 1568 80 80 80
80 1568 1568 80 80 80 1568 80 80 1568 80 80 80 80 1568 1568 1568 80 80 80
80 1568 1568 80 80 1568 80 80 80 1568 80 80 80 1568 1568 80 1568 80 80 80
80 1568 1568 80 80 1568 80 80 80 80 80 80 1568 1568 1568 80 1568 80 80 80
80 1568 1568 80 80 1568 80 80 1568 80 80 1568 80 80 1568 80 80 80 80 80
1568 80 80 1568 1568 80 80 1568 80 80 1568 80 80 1568 1568 80 80 80 80 80
80 1568 1568 1568 80 80 1568 80 80 1568 80 80 1568 80 1568 80 80 1568 80 80
1568 80 80 1568 80 80 1568 80 80 80 1568 80 1568 80 1568 80 80 1568 80 80
80 80 80 80 1568 1568 1568 80 80 1568 80 80 1568 80 1568 80 80 1568 80 80
80 80 1568 80 80 80 80 1568 1568 80 80 1568 1568 80 80 80 1568 80 80 1568
80 80 80 80 80 80 1568 80 80 1568 1568 1568 1568 1360 1568 1460 1568 1460 1568 1568
1460 1460 1568 1568 1568 1568 1588 1440 1580 1448 80 1580 1580 1580 1580 1448 1580 1588 1440 1580
1448 1580 1448 1448 1588 1580 1448 1568 1460 80 1568 1568 1568 1568 1568 1568 1568 1460 1460 1568
1588 1440 1580 1717 1448 1247 1580 1580 1448 1580 1588 1440 1580 1448 80 1580 1580 1580 1580 1448
1580 1580 1580 1588 1440 1580 1448 80 1580 1580 1580 1580 1448 1448 1588 1440 1580 1448 80 1580
1580 1580 1580 1580 1580 1448 1568 1568 1448 1588 1448 1568 1580 1460 80 1568 1568 1568 1568 1568
1568 1407 1580 1580 1460 1588 1440 1580 1741 1448 1247 1448 1580 1580 1448 1568 1568 1588 1448 1568
1460 80 1568 1568 1568 1568 1568 1568 1407 1580 1460 1460 1588 1440 1580 1842 1448 960 1448 1580
1580 1448 1588 1448 1568 1734 1460 1072 80 80 80 1568 1568 1568 1568 80 80 80 80 80
80 80 80 80 80 80 1568 1568 1568 1568 1568 1568 1568 1568 80 80 80 80 80 80
1568 80 80 80 80 80 1568 80 80 1568 1568 1568 1568 1568 80 80 1568 80 80 80
80 1568 1568 80 80 80 80 80 80 1568 1568 1568 80 1568 80 80 1568 80 80 80
80 1568 1568 80 80 1568 80 80 80 80 1568 1568 80 1568 80 80 1568 80 80 80
80 1568 1568 80 80 1568 80 80 80 80 1568 1568 80 80 80 1568 80 80 80 80
1568 80 80 1568 1568 80 80 80 80 1568 1568 1568 80 80 1568 80 80 1568 80 80
80 80 1568 80 80 1568 80 80 1568 1568 80 1568 80 80 1568 80 80 1568 80 80
80 80 80 80 80 80 1568 1568 1568 1568 80 1568 80 80 1568 80 80 1568 80 80
1568 80 80 80 80 80 80 1568 1568 1568 80 80 80 1568 80 80 1568 80 80 1568
80 80 80 80 80 80 1568 1568 1568 1568 80 80 1568 80 80 1568 80 80 80 80
80 80 1568 80 80 1568 1568 1568 80 1568 1360 1568 1460 1568 1460 1460 1568 1568 1568 1460
1460 1568 1568 1568 1568 1588 1440 1580 1448 80 1580 1580 1580 1580 1448 1580 1568 1588 1440 1580
1448 1580 1448 1448 1588 1580 1448 1568 1460 80 1568 1568 1568 1568 1568 1568 1568 1568 1460 1460
1588 1440 1580 1717 1448 1247 1580 1580 1448 1580 1588 1440 1580 1448 80 1580 1580 1580 1580 1448
1580 1580 1580 1588 1440 1580 1448 80 1580 1580 1580 1580 1448 1448 1588 1440 1580 1448 80 1580
1580 1580 1580 1580 1580 1448 1568 1568 1448 1580 1580 1588 1448 1568 1588 1460 80 1568 1568 1568
1568 1568 1568 1440 1580 1741 1448 1247 1448 1580 1580 1580 1568 1568 1568 1580 1460 1448 1568 1568
1588 1448 1568 1588 1440 1580 1844 1448 1460 80 1568 1568 1568 1568 1568 1568 960 1448 1580 1580
1448 1407 1580 1460 1460 1588 1448 1568 1734 1460 1072 80 80 80 1568 1568 1568 1568 80 80
80 80 80 80 80 80 1568 80 80 80 1568 1568 1568 1568 1568 1568 1568 80 80 80
80 80 80 1568 1568 1568 80 80 80 80 80 1568 80 80 1568 1568 1568 80 80 80
80 80 80 1568 1568 80 80 1568 80 80 1568 80 80 1568 1568 80 1568 80 80 80
80 80 80 1568 1568 80 80 1568 80 1568 80 80 80 1568 1568 80 1568 80 80 80
80 80 80 80 80 1568 1568 80 80 80 80 1568 1568 1568 1568 80 1568 80 80 80
80 80 80 80 80 1568 1568 1568 1568 80 80 80 80 1568 1568 80 80 80 80 80
80 1568 80 80 80 1568 80 1568 80 1568 80 80 1568 1568 1568 80 80 1568 80 80
80 80 80 80 1568 1568 80 80 80 80 1568 1568 1568 80 1568 80 80 1568 80 80
80 80 80 80 1568 80 80 1568 80 80 1568 1568 1568 80 1568 80 80 1568 80 80
80 80 1568 1568 80 80 80 80 80 80 1568 1568 1568 80 1568 80 80 1568 80 80
1568 80 80 1568 80 80 1568 80 80 80 80 1568 1568 1360 1568 1460 1568 1568 1460 1460
1568 1568 1568 1568 1588 1440 1580 1448 80 1580 1580 1580 1580 1448 1580 1588 1440 1580 1448 1580
1448 1448 1588 1448 1580 1568 1460 80 1568 1568 1568 1568 1568 1568 1568 1460 1460 1568 1460 1568
1588 1440 1580 1717 1448 1247 1580 1580 1448 1580 1588 1440 1580 1448 80 1580 1580 1580 1580 1448
1580 1580 1580 1588 1440 1580 1448 80 1580 1580 1580 1580 1448 1448 1588 1440 1580 1448 80 1580
1580 1580 1580 1580 1580 1448 1568 1568 1448 1580 1580 1588 1448 1568 1460 80 1568 1568 1568 1568
1568 1568 1588 1440 1580 1741 1568 1568 1568 1448 1247 1448 1580 1580 1580 1580 1460 1448 1588 1440
1580 1852 1448 960 1448 1580 1580 1448 1568 1568 1588 1448 1568 1460 80 1568 1568 1568 1568 1568
1568 1568 1568 1568 1460 1588 1460 1448 1568 1734 1460 1072 80 80 80 1568 1568 1568 1568 80
80 80 80 80 80 80 80 1568 80 80 80 1568 1568 1568 1568 1568 1568 1568 80 80
80 80 80 80 80 80 80 80 80 80 80 1568 1568 1568 1568 1568 1568 1568 80 80
80 80 80 80 80 80 80 80 80 80 1568 1568 1568 1568 1568 1568 80 1568 80 80
80 80 1568 80 80 1568 1568 80 80 80 80 80 80 1568 1568 1568 80 1568 80 80
80 80 1568 80 80 80 80 1568 80 80 80 80 1568 1568 1568 1568 80 1568 80 80
1568 80 80 80 80 80 80 1568 80 80 80 80 1568 1568 1568 1568 80 80 80 1568
80 80 1568 80 80 80 80 1568 1568 80 80 80 80 1568 1568 1568 80 80 1568 80
80 1568 80 80 1568 80 80 1568 80 80 80 80 1568 1568 80 1568 80 80 1568 80
80 1568 80 80 80 80 80 80 80 80 1568 1568 1568 1568 80 1568 80 80 1568 80
80 1568 80 80 80 80 80 80 80 80 1568 1568 1568 1568 80 80 80 1568 80 80
1568 80 80 80 80 80 80 1568 1568 80 80 1568 1568 1568 1360 1568 1460 1568 1568 1460
1460 1568 1568 1568 1568 1588 1440 1580 1448 80 1580 1580 1580 1580 1448 1580 1588 1440 1580 1448
1580 1448 1448 1588 1580 1448 1568 1460 80 1568 1568 1568 1568 1568 1568 1568 1460 1460 1568 1460
1588 1440 1580 1717 1448 1247 1580 1580 1448 1580 1588 1440 1580 1448 80 1580 1580 1580 1580 1448
1580 1580 1580 1588 1440 1580 1448 80 1580 1580 1580 1580 1448 1448 1588 1440 1580 1448 80 1580
1580 1580 1580 1580 1580 1448 1568 1568 1448 1580 1580 1588 1588 1448 1568 1440 1580 1741 1460 80
1568 1568 1568 1568 1568 1568 1407 1580 1448 1247 1448 1580 1580 1580 1580 1460 1448 1588 1440 1580
1852 1448 960 1448 1580 1580 1448 1588 1448 1568 1734 1460 1072 80 80 80 1568 1568 1568 1568
80 80 80 80 80 80 80 80 80 80 80 1568 1568 1568 1568 1568 1568 1568 1568 80
80 80 80 80 1568 80 1568 80 1568 80 80 80 80 1568 80 80 1568 1568 1568 80
80 80 80 1568 80 80 1568 80 1568 80 80 1568 80 80 80 1568 1568 80 1568 80
80 1568 80 80 80 80 80 80 80 1568 80 80 80 1568 1568 1568 1568 80 1568 80
80 1568 80 80 80 80 80 1568 80 80 80 1568 80 80 1568 1568 1568 80 80 80
1568 80 80 1568 80 80 1568 80 80 80 80 1568 80 80 1568 1568 1568 1460 1568 80
80 1568 80 80 80 1568 80 1568 80 80 80 80 1568 80 80 1568 1568 80 1568 80
80 1568 80 80 80 80 1568 1568 80 80 80 80 1568 80 80 1568 1568 80 1568 80
80 1568 80 80 80 80 1568 1568 80 80 1568 80 80 80 80 1568 1568 80 80 80
1568 80 80 80 1568 80 1568 80 80 1568 80 80 80 80 1568 1568 1568 80 80 1568
80 80 80 80 1568 1568 80 80 1568 80 80 80 80 1568 1568 80 1568 1360 1568 1460
1568 1460 1568 1568 1588 1440 1580 1448 80 1580 1580 1580 1580 1448 1580 1568 1588 1440 1580 1448
1580 1448 1448 1588 1580 1448 1568 1460 80 1568 1568 1568 1568 1568 1568 1568 1460 1460 1568 1588
1448 1568 1460 1568 1568 1568 1568 1460 1460 1460 1460 1568 1460 1568 1460 1568 1460 1568 1460 1568
1588 1440 1580 1717 1448 1247 1580 1580 1448 1580 1588 1440 1580 1448 80 1580 1580 1580 1580 1448
1580 1580 1580 1588 1440 1580 1448 80 1580 1580 1580 1580 1448 1448 1588 1440 1580 1448 80 1580
1580 1580 1580 1448 1588 1580 1580 1580 1580 1448 1568 1568 1440 1580 1741 1588 1448 1568 1460 80
1568 1568 1568 1568 1568 1568 1448 1247 1448 1580 1580 1407 1580 1580 1460 1448 1568 1568 1588 1448
1568 1460 80 1568 1568 1568 1568 1568 1568 1407 1580 1460 1460 1588 1440 1580 1848 1448 960 1448
1580 1580 1448 1588 1448 1568 1734 1460 1072 80 80 80 1568 1568 1568 1568 1072 80 80 80
80 80 1580 1568 1568 1568 1568 1568 80 80 80 1568 80 80 80 1568 1568 80 80 1568
80 80 80 80 1568 1568 80 80 1568 80 80 80 80 80 1568 1568 1568 80 80 1568
80 80 80 80 1568 1568 80 1568 80 80 80 80 80 80 1568 1568 1568 80 80 1568
80 80 1568 80 80 1568 80 80 1568 80 80 1568 80 80 1568 80 80 1568 80 80
1568 80 80 1568 80 80 80 1568 80 368 1568 1568 80 80 1568 80 80 1568 80 80
1568 80 80 80 1568 80 80 1568 1568 80 80 1568 80 80 1568 80 80 80 1568 80
80 1568 80 1568 80 80 1568 80 80 1568 80 80 1568 80 80 1568 80 80 1568 80
80 1568 1460 80 80 1568 1568 80 80 1568 80 80 80 1568 80 80 1568 1460 1568 80
80 1568 1568 80 80 1568 80 80 1568 80 80 1568 80 80 1568 80 80 1568 80 1568
80 80 1568 80 80 1568 80 80 1568 80 80 80 1568 80 80 1568 1568 80 80 80
1568 80 80 1568 80 80 1568 80 80 1568 80 80 1568 1568 80 80 1072 1568 1568 1460
1568 1568 1460 1460 1568 1568 1568 1568 1588 1440 1580 1448 80 1580 1580 1580 1580 1448 1580 1588
1440 1580 1448 1580 1448 1448 1588 1580 1448 1568 1460 80 1568 1568 1568 1568 1568 1568 1568 1460
1588 1440 1580 1717 1448 1247 1580 1580 1448 1580 1588 1440 1580 1448 80 1580 1580 1580 1580 1448
1580 1580 1580 1588 1440 1580 1448 80 1580 1580 1580 1580 1448 1448 1588 1440 1580 1448 80 1580
1580 1580 1580 1580 1580 1448 1568 1568 1448 1580 1580 1588 1448 1568 1460 80 1568 1568 1568 1568
1568 1568 1588 1568 1568 1568 1440 1580 1741 1580 1460 1448 1247 1448 1580 1580 1580 1448 1568 1568
1588 1448 1568 1588 1440 1580 1840 1448 1460 80 1568 1568 1568 1568 1568 1568 1407 1580 960 1580
1448 1580 1460 1580 1448 1460 1588 1448 1568 1734 1460 1072 80 80 80 1568 1568 1568 1568 80
80 80 80 80 80 80 80 80 80 80 1568 1568 1568 1568 1568 1568 1568 1568 80 80
80 80 80 1568 80 80 80 80 80 1568 80 1568 80 80 1568 1568 1568 1568 80 80
1568 80 80 80 80 80 80 1568 80 80 80 80 1568 1568 1568 1568 80 1568 80 80
1568 80 80 1568 80 80 80 80 1568 1568 80 80 80 80 1568 1568 80 1568 80 80
1568 80 80 1568 80 80 80 80 1568 1568 80 80 80 80 1568 1568 80 80 80 1568
80 80 1568 80 80 80 80 1568 1568 80 80 1568 80 80 1568 1568 80 80 80 80
1568 1568 80 80 80 80 1568 1568 80 80 1568 80 80 1568 80 1568 80 80 80 80
80 80 1568 1568 80 80 1568 1568 80 80 1568 80 80 1568 80 1568 80 80 80 80
80 80 80 80 1568 80 80 1568 1568 80 1568 80 1568 1568 80 80 80 1568 80 80
1568 80 80 80 80 80 80 1568 80 80 1568 1568 1568 1568 80 80 80 80 1568 80
80 1568 80 80 1568 80 80 1568 80 80 1568 1568 80 1568 1360 1568 1460 1568 1568 1460
1460 1568 1568 1568 1568 1588 1440 1580 1448 80 1580 1580 1580 1580 1448 1580 1588 1440 1580 1448
1580 1448 1448 1588 1580 1448 1568 1460 80 1568 1568 1568 1568 1568 1568 1568 1460 1460 1568 1460
1588 1440 1580 1717 1448 1247 1580 1580 1448 1580 1588 1440 1580 1448 80 1580 1580 1580 1580 1448
1580 1580 1580 1588 1440 1580 1448 80 1580 1580 1580 1580 1448 1448 1588 1440 1580 1448 80 1580
1580 1580 1580 1580 1580 1448 1568 1568 1448 1580 1580 1588 1448 1568 1460 80 1568 1568 1568 1568
1568 1568 1588 1568 1568 1568 1580 1440 1580 1741 1460 1448 1247 1448 1580 1580 1448 1588 1440 1580
1846 1448 1568 1568 1588 1448 1568 1460 80 1568 1568 1568 1568 1568 1568 960 1448 1580 1580 1448
1407 1580 1460 1460 1588 1448 1568 1734 1460 1072 80 80 80 1568 1568 1568 1568 80 80 80
80 80 80 80 80 1568 80 80 80 1568 1568 1568 1568 1568 1568 1568 80 80 80 80
80 1568 80 1568 1568 80 80 80 80 80 80 80 1568 1568 1568 1568 80 80 80 80
80 80 1568 1568 1568 80 80 80 80 1568 80 80 1568 1568 80 1568 80 80 80 80
1568 80 80 1568 1568 80 80 1568 80 80 80 80 1568 1568 80 1568 80 80 80 80
80 80 1568 1568 1568 80 80 1568 80 80 80 80 1568 1568 80 80 80 80 80 80
80 80 80 1568 80 80 80 80 1568 1568 1568 1568 1568 1568 80 80 1568 80 80 80
80 80 80 80 80 80 80 1568 1568 1568 1568 1568 80 1568 80 80 80 80 80 80
1568 80 80 1568 80 80 80 80 1568 1568 1568 1568 80 1568 80 80 80 80 1568 1568
80 80 80 80 80 80 80 80 1568 1568 1568 1568 80 80 80 80 80 1568 1568 80
80 80 80 1568 80 80 1568 1568 80 80 1568 1568 80 80 80 80 1568 1568 80 80
80 80 80 80 1568 1568 1568 80 80 1568 80 1568 1360 1568 1460 1568 1568 1460 1460 1568
1568 1568 1568 1588 1440 1580 1448 80 1580 1580 1580 1580 1448 1580 1588 1440 1580 1448 1580 1448
1448 1588 1580 1448 1568 1460 80 1568 1568 1568 1568 1568 1568 1568 1460 1460 1568 1460 1568 1460
1588 1440 1580 1717 1448 1247 1580 1580 1448 1580 1588 1440 1580 1448 80 1580 1580 1580 1580 1448
1580 1580 1580 1588 1440 1580 1448 80 1580 1580 1580 1580 1448 1448 1588 1440 1580 1448 80 1580
1580 1580 1580 1580 1580 1448 1568 1568 1448 1580 1580 1588 1448 1568 1460 80 1568 1568 1568 1568
1568 1568 1588 1568 1568 1568 1580 1460 1440 1580 1741 1448 1247 1448 1580 1580 1448 399 1580 1588
1448 1568 1460 80 1568 1568 1568 1568 1568 1568 1588 1440 1580 1850 1448 1407 1580 960 1448 1460
1580 1580 1448 1460 1588 1448 1568 1734 1460 1072 80 80 80 1568 1568 1568 1568 80 80 80
80 80 80 80 80 80 80 80 1568 1568 1568 1568 1568 1568 1568 1568 80 80 80 80
80 80 80 80 80 1568 1568 80 80 80 80 1568 1568 1568 1568 1568 80 80 80 80
1568 80 80 1568 80 80 1568 1568 80 80 80 80 1568 1568 80 1568 80 80 80 80
1568 80 80 80 80 1568 1568 80 80 1568 80 80 1568 1568 80 1568 80 80 80 80
80 80 1568 80 80 1568 80 1568 1568 80 80 80 1568 1568 80 1568 80 80 1568 80
80 80 80 80 80 1568 80 80 1568 80 80 1568 1568 1568 80 80 80 1568 80 80
1568 80 80 1568 80 80 80 80 80 80 1568 1568 1568 1568 80 80 1568 80 80 1568
80 80 1568 80 80 80 80 80 80 1568 1568 1568 80 1568 80 80 1568 80 80 80
80 1568 1568 80 80 80 80 80 80 1568 1568 1568 80 1568 80 80 1568 80 80 80
80 1568 1568 80 80 80 80 1568 80 80 1568 1568 80 1568 80 80 1568 80 80 80
80 1568 80 80 1568 1568 80 80 80 80 1568 1568 1360 1568 1460 1568 1568 1460 1568 1460
1568 1568 1568 1588 1440 1580 1448 80 1580 1580 1580 1580 1448 1580 1588 1440 1580 1448 1580 1448
1448 1588 1580 1448 1568 1460 80 1568 1568 1568 1568 1568 1568 1568 1460 1460 1568 1460 1568 1460
1588 1440 1580 1717 1448 1247 1580 1580 1448 1580 1588 1440 1580 1448 80 1580 1580 1580 1580 1448
1580 1580 1580 1588 1440 1580 1448 80 1580 1580 1580 1580 1448 1448 1588 1440 1580 1448 80 1580
1580 1580 1580 1580 1580 1448 1568 1568 1448 1588 1580 1580 1588 1448 1568 1460 80 1568 1568 1568
1568 1568 1568 1440 1580 1741 1448 1247 1448 1580 1580 1580 1568 1568 1568 1580 1460 1448 1568 1568
1588 1448 1568 1460 80 1568 1568 1568 1568 1568 1568 1407 1580 1460 1588 1440 1580 1842 1448 1460
960 1448 1580 1580 1448 1588 1448 1568 1734 1460 1072 80 80 80 1568 1568 1568 1568 80 80
80 80 80 80 80 80 80 80 80 1568 1568 1568 1568 1568 1568 1568 1568 80 80 80
80 1568 80 80 80 1568 80 80 80 80 80 80 1568 1568 1568 1568 1568 80 80 80
80 1568 1568 80 80 1568 80 80 80 80 80 80 1568 1568 1568 80 1568 80 80 80
80 1568 1568 80 80 1568 80 80 1568 80 80 80 80 1568 1568 80 1568 80 80 80
80 80 80 1568 1568 1568 80 80 1568 80 80 80 80 1568 1568 80 1568 80 80 80
80 80 80 1568 1568 1568 80 80 1568 80 80 80 80 1568 1568 80 80 80 80 80
80 80 1568 1568 1568 80 80 1568 80 80 80 80 1568 1568 1568 80 80 80 80 80
80 1568 80 80 1568 1568 1568 80 80 80 80 1568 1568 80 1568 80 80 80 80 1568
80 80 80 80 1568 1568 1568 80 80 80 80 1568 1568 80 1568 80 80 80 80 1568
1568 80 80 80 80 1568 1568 80 80 80 80 1568 1568 80 80 80 80 80 1568 1568
80 80 80 80 1568 1568 80 80 80 80 1568 1568 1568 1360 1568 1460 1568 1568 1460 1460
1568 1568 1568 1568 1588 1440 1580 1448 80 1580 1580 1580 1580 1448 1580 1588 1440 1580 1448 1580
1448 1448 1588 1580 1448 1568 1460 80 1568 1568 1568 1568 1568 1568 1568 1460 1460 1568 1460 1568
