134 599 552 563 551 543 154 134 134 599 134 599 552 563 551 536 543 563 543 543
298 136 298 136 551 134 599 552 563 551 543 154 134 134 599 134 599 552 563 551
298 136 298 136 551 134 599 552 563 551 543 154 134 134 599 134 599 552 563 551
134 599 552 563 551 543 154 134 134 599 134 599 552 563 551 536 543 563 543 543
298 136 551 134 599 552 563 551 134 599 543 154 134 134 599 134 599 552 563 551
134 599 552 563 551 543 154 134 134 599 134 599 552 563 551 536 543 563 543 575
134 599 552 563 551 543 154 134 134 599 550 154 134 563 551 536 543 563 543 543
134 599 552 563 551 543 154 134 134 599 134 599 552 563 551 536 543 563 543 575
134 599 552 563 551 543 154 134 134 599 134 599 552 563 551 536 543 563 543 543
134 599 552 563 551 543 154 134 134 599 134 599 552 563 551 536 543 563 543 575
298 136 298 136 551 154 134 154 134 563 551 543 543 563 551 543 543 563 136 368
134 599 552 563 551 543 154 134 134 599 134 599 552 563 551 536 543 563 543 575
134 599 552 563 551 543 154 134 134 599 550 154 134 563 551 536 543 563 543 543
134 599 552 563 551 543 154 134 134 599 134 599 552 563 551 536 543 563 543 543
134 599 552 563 551 543 154 134 134 599 134 599 552 563 551 536 543 563 543 543
134 599 552 563 551 543 154 134 134 599 134 599 552 563 551 536 543 563 543 543
134 599 552 563 551 543 154 134 134 599 134 599 552 563 551 536 543 563 543 543
298 136 298 136 551 134 599 552 563 551 543 154 134 134 599 134 599 552 563 551
134 599 552 563 551 543 154 134 134 599 134 599 552 563 551 536 543 563 543 543
134 599 552 563 551 543 154 134 134 599 134 599 552 563 551 536 543 563 543 543
134 599 552 563 551 543 154 134 134 599 134 599 552 563 551 536 543 563 543 543
