1572 1456 1568 1593 1460 1435 1568 1568 1572 1460 1568 1456 1568 1593 1460 1419 1435 1593 1435 1435
1460 1460 1460 1460 1460 1572 1456 1568 1593 1460 1435 1568 1568 1572 1460 1568 1456 1568 1593 1460
1460 1460 1460 1460 1460 1572 1456 1568 1593 1460 1435 1568 1568 1572 1460 1568 1456 1568 1593 1460
1572 1456 1568 1593 1460 1435 1568 1568 1572 1460 1568 1456 1568 1593 1460 1419 1435 1593 1435 1435
1460 1460 1460 1572 1456 1568 1593 1460 1568 1460 1435 1568 1568 1572 1460 1568 1456 1568 1593 1460
1572 1456 1568 1593 1460 1435 1568 1568 1572 1460 1568 1456 1568 1593 1460 1419 1435 1593 1435 1609
1572 1456 1568 1593 1460 1435 1568 1568 1572 1460 1456 1568 1568 1593 1460 1419 1435 1593 1435 1435
1572 1456 1568 1593 1460 1435 1568 1568 1572 1460 1568 1456 1568 1593 1460 1419 1435 1593 1435 1609
1572 1456 1568 1593 1460 1435 1568 1568 1572 1460 1568 1456 1568 1593 1460 1419 1435 1593 1435 1435
1572 1456 1568 1593 1460 1435 1568 1568 1572 1460 1568 1456 1568 1593 1460 1419 1435 1593 1435 1609
1460 1460 1460 1460 1460 1568 1568 1568 1568 1593 1460 1435 1435 1593 1460 1435 1435 1593 1460 1568
1572 1456 1568 1593 1460 1435 1568 1568 1572 1460 1568 1456 1568 1593 1460 1419 1435 1593 1435 1609
1572 1456 1568 1593 1460 1435 1568 1568 1572 1460 1456 1568 1568 1593 1460 1419 1435 1593 1435 1435
1572 1456 1568 1593 1460 1435 1568 1568 1572 1460 1568 1456 1568 1593 1460 1419 1435 1593 1435 1435
1572 1456 1568 1593 1460 1435 1568 1568 1572 1460 1568 1456 1568 1593 1460 1419 1435 1593 1435 1435
1572 1456 1568 1593 1460 1435 1568 1568 1572 1460 1568 1456 1568 1593 1460 1419 1435 1593 1435 1435
1572 1456 1568 1593 1460 1435 1568 1568 1572 1460 1568 1456 1568 1593 1460 1419 1435 1593 1435 1435
1460 1460 1460 1460 1460 1572 1456 1568 1593 1460 1435 1568 1568 1572 1460 1568 1456 1568 1593 1460
1572 1456 1568 1593 1460 1435 1568 1568 1572 1460 1568 1456 1568 1593 1460 1419 1435 1593 1435 1435
1572 1456 1568 1593 1460 1435 1568 1568 1572 1460 1568 1456 1568 1593 1460 1419 1435 1593 1435 1435
1572 1456 1568 1593 1460 1435 1568 1568 1572 1460 1568 1456 1568 1593 1460 1419 1435 1593 1435 1435
