1460 1460 1574 1460 1574 1460 1574 1460 1574 1574 1460 1574 1460 1460 1574 1574 1460 1460 1574 1574
1460 1588 1440 1580 1448 1580 1448 1448 1580 1448 1574 1574 1460 1574 1574 1460 1460 1574 1574 1460
1460 1574 1574 1460 1460 1574 1460 1574 1588 1440 1580 1448 1580 1448 1448 1580 1574 1448 1574 1460
1574 1460 1574 1460 1574 1588 1440 1580 1448 1580 1448 1448 1460 1574 1580 1448 1574 1574 1574 1460
1574 1460 1574 1460 1460 1574 1460 1460 1574 1460 1574 1460 1574 1460 1574 1460 1574 1460 1574 1460
1460 1460 1574 1588 1440 1580 1448 1580 1448 1448 1580 1448 1574 1574 1460 1574 1460 1574 1574 1460
1574 1460 1460 1574 1574 1460 1460 1574 1574 1460 1460 1574 1574 1460 1588 1440 1580 1448 1580 1448
1448 1580 1448 1574 1574 1460 1574 1574 1460 1574 1460 1460 1574 1574 1460 1460 1574 1574 1460 1460
1460 1574 1460 1574 1588 1440 1580 1448 80 1580 1580 1580 1580 2948 1448 1448 1580 1448 1574 1574
1460 1574 1460 1574 1574 1460 1574 1460 1574 2948 1460 1460 1460 1460 1574 1460 1574 1460 1574 1460
1574 1460 1574 1460 1574 1460 1574 1460 1574 1460 1574 1460 1574 1460 1574 1460 1574 1460 1574 1460
1460 1460 1574 1460 1574 1588 1448 1574 1460 1574 1574 1574 1574 1460 1460 1460 1574 1460 1448 1574
1574 1460 1574 1460 1574 1460 1574 1460 1588 1440 1580 1448 1580 1448 1448 1580 1448 1574 1574 1574
1460 1574 1460 1574 1460 1574 1460 1574 1460 1574 1460 1460 1574 1460 1574 1588 1440 1580 1448 1580
1448 1448 1580 1448 1574 1574 1574 1460 1574 1460 1574 1460 1460 1460 1574 1460 1574 1460 1574 1460
1574 1460 1574 1460 1574 1460 1574 1460 1574 1460 1574 1460 1574 1574 1460 1460 1574 1460 1574 1460
1460 1460 1574 1588 1440 1580 1448 1580 1448 1448 1580 1448 1574 1574 1460 1574 1460 1574 1460 1574
1460 1574 1460 1574 1460 1574 1460 1574 1460 1574 1460 1574 1460 1574 1574 1460 1460 1574 1460 1574
1460 1574 1460 1574 1460 1574 1460 1574 1460 1574 1460 1574 1460 1574 1460 1574 1460 1574 1574 1460
1574 1460 1460 1574 1574 1460 1460 1574 1574 1460 1460 1574 1588 1440 1580 1448 80 1580 1580 1580
1580 1448 1448 1580 1448 1574 1574 1574 1460 1460 1574 1574 1460 1460 1574 1574 1460 1460 1574 1588
1440 1580 1448 1580 1448 1448 1460 1574 1580 1448 1574 1574 1574 1574 1460 1460 1574 1460 1460 1574
1574 1448 1460 1460 1574 1460 1574 1460 1574 1460 1574 1460 1574 1460 1574 1460 1574 1460 1574 1588
1440 1580 1448 1580 1448 1448 1580 1448 1574 1574 1460 1574 1460 1574 1460 1574 1460 1574 1460 1574
1460 1460 1574 1574 1460 1460 1574 1588 1440 1580 1448 1580 1448 1448 1580 1448 1574 1574 1460 1574
1460 1574 1574 1460 1574 1460 1460 1574 1574 1460 1460 1574 1574 1460 1460 1574 1588 1440 1580 1448
1580 1448 1448 1580 1448 1574 1574 1574 1460 1460 1574 1574 1460 1460 1574 1574 1460 1460 1574 1588
1440 1580 1448 1580 1448 1448 1580 1448 1574 1574 1460 1574 1460 1574 1574 1460 1574 1460 1574 1460
1460 1460 1574 1460 1574 1460 1574 1460 1574 1460 1574 1460 1574 1574 1460 1460 1574 1460 1574 1460
1460 1460 1574 1588 1440 1580 1448 1580 1448 1448 1580 1448 1574 1574 1460 1574 1460 1574 1574 1460
1574 1460 1460 1574 1574 1460 1460 1574 1574 1460 1460 1574 1574 1460 1460 1574 1574 1460 1574 1460
1460 1574 1574 1460 1460 1574 1574 1460 1460 1574 1588 1440 1580 1448 1580 1448 1448 1580 1448 1574
1574 1574 1460 1460 1574 1574 1460 1460 1574 1574 1460 1460 1574 1574 1460 1588 1440 1580 1448 1580
1448 1448 1580 1448 1574 1574 1460 1574 1460 1574 1574 1460 1574 1460 1574 1460 1460 1460 1574 1460
1574 1460 1574 1460 1574 1460 1574 1460 1574 1460 1574 1460 1574 1460 1574 1460 1574 1574 1460 1460
1460 1460 1574 1588 1440 1580 1448 1580 1448 1448 1580 1448 1574 1574 1574 1460 1460 1574 1574 1460
1574 1460 1460 1574 1574 1460 1460 1574 1574 1460 1460 1574 1574 1460 1460 1574 1574 1460 1460 1574
1574 1460 1574 1460 1460 1574 1574 1460 1460 1574 1574 1460 1460 1574 1574 1460 1588 1440 1580 1448
80 1580 1580 1580 1580 1448 1448 1580 1448 1574 1574 1460 1574 1574 1460 1460 1574 1574 1460 1460
1574 1574 1460 1460 1574 1460 1574 1588 1440 1580 1448 1580 1448 1448 1580 1448 1574 1574 1460 1574
1460 1574 1574 1460 1574 1460 1574 1460 1460 1460 1574 1460 1574 1460 1574 1460 1574 1460 1574 1460
1460 1460 1574 1460 1574 1460 1574 1460 1574 1588 1440 1580 1448 1580 1448 1448 1580 1448 1574 1574
1460 1574 1574 1460 1574 1460 1574 1460 1460 1574 1574 1460 1460 1574 1574 1460 1460 1574 1574 1460
1460 1574 1574 1460 1574 1460 1460 1574 1574 1460 1460 1574 1574 1460 1460 1574 1574 1460 1574 1460
1460 1574 1588 1440 1580 1448 1580 1448 1448 1580 1448 1574 1574 1574 1460 1460 1574 1574 1460 1460
1574 1574 1460 1588 1440 1580 1448 1580 1448 1448 1460 1574 1580 1448 1574 1574 1460 1574 1574 1460
1574 1460 1574 1460 1460 1460 1574 1460 1574 1460 1574 1460 1574 1460 1574 1460 1574 1460 1574 1460
1588 1440 1580 1448 1580 1448 1448 1460 1574 1580 1448 1574 1574 1460 1574 1574 1460 1574 1460 1460
1574 1574 1460 1460 1574 1574 1460 1460 1574 1574 1460 1460 1574 1574 1460 1460 1574 1574 1460 1460
1574 1574 1460 1460 1574 1574 1460 1574 1460 1460 1574 1574 1460 1460 1574 1574 1460 1460 1574 1574
1460 1574 1460 1460 1574 1574 1460 1460 1574 1574 1460 1460 1574 1588 1440 1580 1448 1580 1448 1448
1580 1448 1574 1574 1574 1460 1460 1574 1574 1460 1460 1574 1574 1460 1460 1574 1574 1460 1588 1440
1580 1448 80 1580 1580 1580 1580 1448 1448 1580 1448 1574 1574 1460 1574 1460 1574 1574 1460 1574
1460 1574 1460 1460 1460 1574 1460 1574 1460 1574 1460 1574 1460 1574 1460 1574 1460 1574 1460 1574
1588 1440 1580 1448 80 1580 1580 1580 1580 1448 1588 1440 1580 1448 1580 1448 1448 1580 1580 1588
1580 1448 1574 1460 1574 80 1574 1574 1574 1574 1574 1574 1415 1580 1460 1588 1440 1580 1448 80
1580 1580 1580 1580 1448 1448 1580 1448 1574 1574 1588 1448 1574 1460 1574 1574 1574 1574 1460 1460
1460 1460 1588 1440 1580 1448 1580 1448 1448 1580 1448 1574 1574 1460 1574 1460 1574 1460 1574 1460
1574 1574 1460 1574 1460 1460 1574 1574 1460 1460 1574 1574 1460 1588 1440 1580 1448 1580 1448 1448
1580 1448 1574 1574 1460 1574 1574 1460 1460 1574 1574 1460 1460 1574 1574 1460 1460 1460 1574 1588
1440 1580 1448 1580 1448 1448 1588 1440 1580 1448 1580 2948 1448 1448 1460 1574 1580 1448 1574 1574
1580 1448 1574 1574 1460 1574 1574 1460 1574 1460 1574 2948 1460 1460 1460 1460 1574 1460 1574 1460
1574 1460 1574 1574 1460 1460 1574 1460 1574 1460 1574 1460 1574 1460 1574 1460 1574 1460 1574 1460
1460 1588 1440 1580 1448 1580 1448 1460 1574 1448 1580 1448 1574 1574 1574 1460 1460 1574 1460 1574
1574 1460 1574 1460 1460 1574 1574 1460 1574 1460 1460 1574 1574 1460 1588 1440 1580 1448 1580 1448
1448 1580 1448 1574 1574 1460 1574 1574 1460 1460 1574 1574 1460 1460 1574 1574 1460 1460 1460 1574
1460 1574 1588 1440 1580 1448 1580 2948 1448 1448 1580 1448 1574 1574 1460 1574 1460 1574 1574 1460
1574 1460 1574 2948 1460 1460 1460 1460 1574 1460 1574 1460 1574 1460 1574 1460 1574 1588 1440 1580
1448 1580 1448 1448 1460 1574 1580 1448 1574 1574 1460 1574 1460 1574 1460 1574 1460 1574 1460 1574
1460 1460 1574 1588 1440 1580 1448 1580 1448 1448 1580 1448 1574 1574 1460 1574 1460 1574 1460 1574
1574 1460 1574 1460 1460 1574 1574 1460 1460 1574 1574 1460 1460 1574 1574 1460 1574 1460 1460 1574
1574 1460 1460 1574 1574 1460 1460 1574 1588 1440 1580 1448 1580 1448 1448 1580 1448 1574 1574 1460
1574 1574 1460 1574 1460 1574 1460 1460 1460 1574 1460 1574 1460 1574 1460 1574 1460 1574 1460 1574
1460 1574 1460 1574 1460 1574 1460 1574 1460 1574 1460 1574 1460 1574 1460 1574 1460 1574 1460 1574
1460 1460 1574 1588 1440 1580 1448 1580 1448 1448 1580 1448 1574 1574 1460 1574 1460 1574 1574 1460
1574 1460 1460 1574 1574 1460 1460 1574 1574 1460 1460 1574 1574 1460 1460 1574 1574 1460 1460 1574
1574 1460 1460 1574 1588 1440 1580 1448 1580 1448 1448 1580 1448 1574 1574 1574 1460 1460 1574 1574
1574 1460 1460 1460 1574 1574 1460 1460 1574 1574 1460 1460 1588 1440 1580 1448 1580 2948 1448 1448
1580 1448 1574 1574 1460 1574 1574 1460 1574 1460 1574 2948 1460 1460 1460 1460 1574 1460 1574 1460
1574 1460 1574 1460 1574 1460 1574 1460 1574 1460 1574 1460 1574 1460 1574 1460 1574 1460 1574 1460
1460 1460 1574 1460 1574 1588 1440 1580 1448 80 1580 1580 1580 1580 1448 1448 1580 1448 1574 1574
1460 1574 1460 1574 1574 1460 1574 1460 1460 1574 1574 1460 1460 1574 1574 1460 1460 1574 1574 1460
1460 1574 1574 1460 1460 1574 1588 1440 1580 1448 1580 1448 1448 1580 1448 1574 1574 1574 1460 1460
1574 1574 1460 1460 1574 1574 1460 1574 1460 1588 1440 1580 1448 1580 1448 1448 1460 1574 1580 1448
1574 1574 1460 1574 1460 1574 1574 1460 1574 1460 1574 1460 1460 1460 1574 1460 1574 1460 1574 1460
1574 1460 1574 1460 1574 1460 1574 1460 1574 1460 1574 1460 1574 1460 1574 1460 1574 1460 1574 1460
1460 1588 1440 1580 1448 1580 1448 1448 1580 1448 1574 1574 1460 1574 1460 1574 1460 1574 1574 1460
1574 1460 1460 1574 1574 1460 1574 1460 1460 1574 1574 1460 1588 1440 1580 1448 1580 1448 1448 1580
1448 1574 1574 1460 1574 1574 1460 1460 1574 1574 1460 1460 1574 1574 1460 1588 1440 1580 1448 1580
1448 1448 1580 1448 1574 1574 1460 1574 1460 1574 1574 1460 1574 1460 1460 1574 1460 1460 1574 1460
1574 1460 1574 1460 1574 1460 1574 1460 1574 1460 1574 1460 1574 1460 1574 1460 1574 1460 1574 1588
1440 1580 1448 1580 1448 1448 1580 1448 1574 1574 1460 1574 1460 1574 1574 1460 1460 1574 1460 1574
1574 1460 1574 1460 1460 1574 1574 1460 1460 1574 1574 1460 1460 1574 1574 1460 1460 1574 1574 1460
1460 1574 1574 1460 1460 1574 1588 1440 1580 1448 1580 1448 1448 1580 1448 1574 1574 1574 1460 1574
1460 1460 1574 1574 1460 1460 1574 1574 1460 1460 1574 1588 1440 1580 1448 1580 1448 1448 1574 1460
1580 1448 1574 1574 1460 1574 1460 1574 1574 1460 1574 1460 1574 1448 1460 1460 1574 1460 1574 1460
1574 1460 1574 1460 1574 1460 1574 1460 1574 1460 1574 1460 1574 1460 1574 1460 1574 1460 1574 1588
1460 1588 1440 1580 1448 1580 1460 1574 1448 1448 1580 1574 1448 1574 1460 1574 1460 1574 1574 1460
1574 1460 1460 1574 1574 1460 1460 1574 1574 1460 1460 1574 1574 1460 1460 1574 1574 1460 1460 1574
1574 1460 1460 1574 1574 1460 1460 1574 1574 1460 1460 1574 1574 1460 1460 1574 1574 1460 1588 1440
1580 1448 1580 1448 1448 1574 1580 1448 1574 1574 1460 1574 1574 1460 1574 1460 1460 1574 1574 1460
1460 1574 1574 1460 1588 1440 1580 1448 1580 1448 1448 1580 1448 1574 1574 1460 1574 1460 1574 1574
1460 1574 1460 1574 1460 1460 1460 1574 1460 1574 1460 1574 1460 1574 1460 1574 1460 1574 1460 1574
1460 1574 1460 1574 1460 1574 1460 1574 1460 1574 1588 1440 1580 1448 1580 1448 1448 1580 1448 1574
1460 1588 1440 1580 1448 80 1580 1580 1580 1580 1448 1448 1580 1448 1574 1574 1460 1574 1460 1574
1588 1448 1574 1460 1574 1574 1574 1574 1460 1460 1460 1574 1460 1460 1574 1574 1460 1460 1574 1574
1460 1460 1574 1574 1460 1460 1574 1574 1460 1460 1574 1574 1460 1460 1574 1574 1460 1460 1574 1574
1460 1460 1574 1460 1574 1460 1574 1460 1574 1460 1574 1460 1574 1574 1460 1588 1440 1580 1448 1580
1448 1448 1580 1448 1574 1574 1460 1574 1574 1460 1574 1460 1460 1574 1574 1460 1460 1574 1574 1460
1588 1440 1580 1448 1580 1448 1448 1580 1448 1574 1574 1460 1574 1460 1574 1574 1460 1574 1460 1574
1448 1460 1460 1574 1460 1574 1460 1574 1460 1574 1460 1574 1460 1574 1460 1574 1460 1574 1588 1440
1580 1448 1580 1448 1448 1580 1448 1574 1574 1460 1574 1460 1574 1460 1574 1460 1574 1460 1574 1460
1440 1580 1448 1580 1448 1448 1460 1574 1580 1448 1574 1574 1460 1574 1460 1574 1460 1574 1574 1460
1574 1460 1460 1574 1574 1460 1460 1574 1588 1448 1574 1460 1574 1574 1574 1574 1460 1460 1460 1574
1460 1574 1460 1574 1460 1574 1460 1574 1460 1574 1460 1588 1440 1580 1574 1448 1580 1460 1574 1448
1448 1580 1580 1448 1574 1574 1460 1574 1460 1574 1460 1574 1460 1574 1460 1574 1460 1460 1574 1588
1440 1580 1448 1580 1448 1448 1580 1580 1448 1574 1574 1460 1574 1574 1460 1574 1460 1460 1574 1460
1574 1460 1574 1460 1574 1460 1574 1460 1574 1460 1574 1574 1460 1574 1574 1460 1460 1574 1460 1574
1460 1574 1460 1574 1588 1440 1580 1448 1580 1448 1448 1580 1448 1574 1574 1460 1574 1460 1574 1574
1460 1574 1460 1460 1574 1574 1460 1460 1574 1574 1460 1460 1574 1588 1440 1580 1448 1580 1448 1448
1580 1448 1574 1574 1574 1460 1574 1460 1460 1574 1574 1460 1460 1574 1574 1448 1460 1460 1574 1460
1574 1588 1440 1580 1448 1580 2948 1448 1448 1580 1448 1574 1574 1574 1460 1574 1460 1574 1460 1574
2948 1448 1460 1460 1460 1574 1460 1574 1460 1574 1460 1574 1460 1574 1460 1574 1460 1574 1460 1574
