298 136 134 599 134 599 134 599 553 134 599 134 599 136 368 134 599 136 368 553
551 226 669 235 539 235 539 547 235 539 553 134 599 553 134 599 136 368 134 599
136 368 134 599 551 134 599 553 226 669 235 539 235 539 539 259 134 599 134 599
134 599 134 599 553 226 669 235 539 235 539 547 136 368 235 539 553 553 134 599
134 599 134 599 551 134 599 551 134 599 134 599 134 599 134 599 134 599 134 599
551 136 368 226 669 235 539 235 539 547 235 539 553 134 599 134 599 553 134 599
134 599 136 368 134 599 136 368 134 599 136 368 134 599 226 669 235 539 235 539
547 235 539 553 134 599 553 134 599 134 599 136 368 134 599 136 368 134 599 551
551 134 599 553 226 669 235 539 47 515 640 515 640 439 539 539 235 539 553 553
551 134 599 553 134 599 134 599 553 439 298 136 298 136 134 599 134 599 134 599
134 599 134 599 134 599 134 599 134 599 134 599 134 599 134 599 134 599 134 599
298 136 134 599 553 235 539 134 599 553 553 553 134 599 298 136 134 599 136 368
134 599 134 599 134 599 134 599 226 669 235 539 235 539 547 235 539 553 553 553
551 134 599 134 599 134 599 134 599 134 599 551 134 599 553 226 669 235 539 554
539 539 235 539 553 553 134 599 134 599 134 599 298 136 134 599 134 599 134 599
134 599 134 599 134 599 134 599 134 599 134 599 553 134 599 551 134 599 134 599
551 136 368 226 669 235 539 235 539 547 235 539 553 134 599 134 599 134 599 553
551 134 599 134 599 134 599 134 599 134 599 134 599 553 134 599 551 134 599 553
551 134 599 134 599 134 599 134 599 134 599 134 599 134 599 134 599 553 134 599
134 599 136 368 134 599 136 368 134 599 136 368 226 669 235 539 47 515 640 554
235 539 547 235 539 553 553 134 599 136 368 134 599 136 368 134 599 136 368 558
545 235 539 235 539 547 136 368 235 539 553 553 553 134 599 551 134 599 136 368
134 599 298 136 134 599 134 599 134 599 134 599 134 599 134 599 134 599 553 558
545 235 539 235 539 547 235 539 553 134 599 134 599 134 599 134 599 134 599 553
551 136 368 134 599 136 368 226 669 235 539 235 539 547 235 539 553 134 599 553
136 368 134 599 134 599 136 368 134 599 136 368 134 599 136 368 226 669 235 539
235 539 547 235 539 553 553 134 599 136 368 134 599 136 368 134 599 136 368 558
545 235 539 235 539 547 235 539 553 134 599 134 599 553 134 599 134 599 134 599
298 136 134 599 134 599 134 599 134 599 134 599 553 134 599 551 134 599 134 599
551 136 368 226 669 235 539 235 539 547 235 539 553 134 599 134 599 553 134 599
134 599 136 368 134 599 136 368 134 599 136 368 134 599 136 368 134 599 134 599
136 368 134 599 136 368 134 599 136 368 226 669 235 539 235 539 547 235 539 553
553 134 599 136 368 134 599 136 368 134 599 136 368 134 599 226 669 235 539 554
539 539 235 539 553 134 599 134 599 553 134 599 134 599 134 599 298 136 134 599
134 599 134 599 134 599 134 599 134 599 134 599 134 599 134 599 553 134 599 551
551 136 368 226 669 235 539 235 539 547 235 539 553 553 134 599 136 368 134 599
134 599 136 368 134 599 136 368 134 599 136 368 134 599 136 368 134 599 136 368
134 599 134 599 136 368 134 599 136 368 134 599 136 368 134 599 226 669 235 539
47 515 640 554 235 539 547 235 539 553 134 599 553 134 599 136 368 134 599 551
553 134 599 551 134 599 553 226 669 235 539 235 539 547 235 539 553 134 599 553
136 368 134 599 134 599 134 599 298 136 134 599 134 599 134 599 134 599 134 599
298 136 134 599 134 599 134 599 553 226 669 235 539 235 539 547 235 539 553 553
136 368 134 599 134 599 134 599 136 368 134 599 136 368 134 599 136 368 134 599
136 368 134 599 134 599 136 368 134 599 136 368 134 599 136 368 134 599 134 599
136 368 226 669 235 539 235 539 547 235 539 553 553 134 599 136 368 134 599 551
553 134 599 226 669 235 539 235 539 547 136 368 235 539 553 134 599 553 134 599
134 599 134 599 298 136 134 599 134 599 134 599 134 599 134 599 134 599 134 599
226 669 235 539 235 539 547 136 368 235 539 553 134 599 553 134 599 134 599 551
553 134 599 136 368 134 599 136 368 134 599 136 368 134 599 136 368 134 599 551
553 134 599 136 368 134 599 134 599 136 368 134 599 136 368 134 599 136 368 553
551 134 599 136 368 134 599 136 368 134 599 136 368 226 669 235 539 235 539 547
235 539 553 553 134 599 136 368 134 599 136 368 134 599 136 368 134 599 226 669
235 539 47 515 640 554 235 539 547 235 539 553 134 599 134 599 553 134 599 553
551 134 599 298 136 134 599 134 599 134 599 134 599 134 599 134 599 134 599 553
226 669 235 539 47 515 640 554 235 539 226 669 235 539 235 539 547 515 640 558
235 539 134 599 553 47 553 553 553 553 553 553 533 134 599 226 669 235 539 47
515 640 554 235 539 547 235 539 553 553 235 539 134 599 553 553 553 134 599 551
298 136 226 669 235 539 235 539 547 235 539 553 134 599 134 599 134 599 134 599
553 134 599 134 599 136 368 134 599 136 368 134 599 226 669 235 539 235 539 547
235 539 553 134 599 553 134 599 136 368 134 599 136 368 134 599 551 136 368 558
545 235 539 235 539 539 259 545 235 539 554 439 539 539 136 368 235 539 553 553
235 539 553 134 599 553 134 599 134 599 553 439 298 136 298 136 134 599 134 599
134 599 553 134 599 551 134 599 134 599 134 599 134 599 134 599 134 599 134 599
551 226 669 235 539 235 539 551 134 599 235 539 553 553 134 599 551 134 599 553
134 599 134 599 136 368 134 599 134 599 136 368 134 599 226 669 235 539 235 539
547 235 539 553 134 599 553 134 599 136 368 134 599 136 368 134 599 551 136 368
136 368 226 669 235 539 554 439 539 539 235 539 553 134 599 134 599 553 134 599
134 599 553 439 298 136 298 136 134 599 134 599 134 599 134 599 553 226 669 554
547 235 539 547 136 368 235 539 553 134 599 134 599 134 599 134 599 134 599 553
551 136 368 226 669 235 539 235 539 547 235 539 553 134 599 134 599 134 599 553
134 599 134 599 136 368 134 599 136 368 134 599 136 368 134 599 134 599 136 368
134 599 136 368 134 599 136 368 226 669 235 539 235 539 547 235 539 553 134 599
553 134 599 134 599 134 599 298 136 134 599 134 599 134 599 134 599 134 599 553
551 134 599 134 599 134 599 134 599 134 599 134 599 134 599 134 599 134 599 553
551 136 368 226 669 235 539 235 539 547 235 539 553 134 599 134 599 553 134 599
134 599 136 368 134 599 136 368 134 599 136 368 134 599 136 368 134 599 136 368
134 599 136 368 226 669 235 539 235 539 547 235 539 553 553 134 599 136 368 553
134 599 551 136 368 134 599 136 368 134 599 551 226 669 235 539 554 439 539 539
235 539 553 134 599 553 134 599 134 599 553 439 298 136 298 136 134 599 134 599
134 599 134 599 134 599 134 599 134 599 134 599 134 599 134 599 134 599 134 599
298 136 134 599 553 226 669 235 539 47 515 640 554 235 539 547 235 539 553 553
551 134 599 553 134 599 134 599 136 368 134 599 136 368 134 599 136 368 134 599
136 368 134 599 136 368 226 669 235 539 235 539 547 235 539 553 553 134 599 551
553 134 599 136 368 134 599 134 599 226 669 235 539 235 539 547 136 368 235 539
553 134 599 134 599 553 134 599 134 599 134 599 298 136 134 599 134 599 134 599
134 599 134 599 134 599 134 599 134 599 134 599 134 599 134 599 134 599 134 599
551 226 669 235 539 235 539 547 235 539 553 134 599 134 599 134 599 553 134 599
134 599 136 368 134 599 134 599 136 368 134 599 226 669 235 539 235 539 539 259
136 368 134 599 553 134 599 136 368 134 599 136 368 134 599 226 669 235 539 554
539 539 235 539 553 134 599 134 599 553 134 599 134 599 551 134 599 551 134 599
134 599 134 599 134 599 134 599 134 599 134 599 134 599 134 599 134 599 553 558
545 235 539 235 539 547 235 539 553 134 599 134 599 553 134 599 551 134 599 553
134 599 134 599 136 368 134 599 136 368 134 599 136 368 134 599 136 368 134 599
136 368 134 599 136 368 226 669 235 539 235 539 547 235 539 553 553 134 599 553
551 136 368 134 599 136 368 134 599 136 368 226 669 235 539 235 539 547 134 599
235 539 553 134 599 134 599 553 134 599 134 599 134 599 298 136 134 599 134 599
134 599 134 599 134 599 134 599 134 599 134 599 134 599 134 599 134 599 553 558
551 226 669 235 539 134 599 134 599 539 259 134 599 134 599 134 599 553 134 599
134 599 136 368 134 599 136 368 134 599 136 368 134 599 136 368 134 599 136 368
134 599 136 368 134 599 136 368 134 599 136 368 134 599 136 368 134 599 226 669
235 539 235 539 136 368 235 539 553 134 599 553 134 599 134 599 136 368 134 599
136 368 134 599 226 669 235 539 235 539 547 235 539 553 134 599 134 599 553 553
551 134 599 134 599 298 136 134 599 134 599 134 599 134 599 134 599 134 599 553
551 134 599 134 599 134 599 134 599 553 226 669 235 539 235 539 547 235 539 553
551 226 669 235 539 47 515 640 554 235 539 547 235 539 553 134 599 134 599 553
235 539 134 599 553 553 553 134 599 298 136 134 599 136 368 134 599 136 368 553
551 136 368 134 599 136 368 134 599 136 368 134 599 136 368 134 599 136 368 553
298 136 134 599 134 599 134 599 134 599 134 599 553 134 599 226 669 235 539 554
539 539 235 539 553 134 599 553 134 599 134 599 136 368 134 599 136 368 134 599
226 669 235 539 235 539 547 235 539 553 134 599 134 599 553 134 599 134 599 553
547 298 136 134 599 134 599 134 599 134 599 134 599 134 599 134 599 553 226 669
235 539 235 539 547 235 539 553 134 599 134 599 134 599 134 599 134 599 134 599
545 235 539 235 539 547 136 368 235 539 553 134 599 134 599 134 599 553 134 599
134 599 136 368 134 599 136 368 235 539 134 599 553 553 553 134 599 551 136 368
551 134 599 134 599 134 599 134 599 134 599 226 669 554 553 539 259 551 134 599
539 259 235 539 553 134 599 134 599 134 599 134 599 134 599 134 599 136 368 558
545 235 539 235 539 539 259 235 539 553 134 599 553 134 599 134 599 551 134 599
134 599 134 599 134 599 134 599 134 599 553 134 599 553 134 599 551 134 599 553
551 134 599 553 226 669 235 539 235 539 547 235 539 553 134 599 134 599 553 553
551 134 599 136 368 134 599 136 368 134 599 136 368 226 669 235 539 235 539 547
235 539 553 553 134 599 134 599 136 368 134 599 136 368 134 599 298 136 134 599
553 226 669 235 539 554 439 539 539 235 539 553 553 134 599 134 599 134 599 553
439 547 298 136 551 134 599 134 599 134 599 134 599 134 599 134 599 134 599 553
