235 539 134 599 47 71 154 134 154 134 134 599 298 136 298 136 298 136 298 136
298 136 298 136 298 136 298 136 298 136 298 136 298 136 136 368 134 599 154 134
136 368 235 539 552 725 551 136 368 134 599 552 235 539 552 580 551 516 552 621
551 516 621 551 518 552 235 539 134 599 47 71 154 134 154 134 134 599 298 136
298 136 298 136 298 136 298 136 298 136 136 368 134 599 154 134 235 539 134 599
47 71 154 134 154 134 134 599 298 136 298 136 298 136 298 136 298 136 298 136
235 539 134 599 47 71 154 134 154 134 134 599 298 136 298 136 298 136 298 136
298 136 298 136 298 136 298 136 551 134 599 551 515 640 551 515 640 298 136 551
136 368 134 599 551 154 134 515 640 515 640 515 640 515 640 515 640 554 235 539
552 725 134 599 136 368 134 599 154 134 235 539 552 580 551 515 640 515 640 554
554 516 552 621 515 640 134 599 518 515 640 154 134 235 539 134 599 47 71 552
154 134 154 134 134 599 552 134 599 551 47 71 154 134 552 134 599 298 136 551
298 136 551 134 599 298 136 298 136 136 368 134 599 551 136 368 134 599 298 136
298 136 298 136 298 136 298 136 298 136 298 136 298 136 134 599 298 136 298 136
552 515 640 515 640 515 640 515 640 515 640 515 640 515 640 515 640 515 640 554
235 539 134 599 47 71 154 134 154 134 134 599 298 136 298 136 298 136 298 136
298 136 298 136 298 136 298 136 298 136 298 136 298 136 551 136 368 134 599 552
552 235 539 552 725 551 136 368 134 599 552 235 539 552 580 551 516 552 621 551
518 552 235 539 134 599 47 71 154 134 154 134 134 599 298 136 298 136 298 136
298 136 298 136 298 136 136 368 134 599 154 134 235 539 134 599 47 71 154 134
154 134 134 599 298 136 298 136 298 136 298 136 298 136 298 136 298 136 298 136
515 640 515 640 554 235 539 134 599 47 71 154 134 154 134 134 599 298 136 551
298 136 298 136 298 136 298 136 298 136 298 136 298 136 298 136 298 136 298 136
552 515 640 515 640 515 640 134 599 154 134 515 640 515 640 515 640 515 640 554
136 368 725 551 136 368 134 599 552 515 640 515 640 554 235 539 552 580 235 539
515 640 515 640 515 640 580 235 539 515 640 515 640 515 640 515 640 554 235 539
515 640 580 551 515 640 554 516 552 621 551 518 552 235 539 134 599 47 71 552
154 134 552 134 599 298 136 298 136 298 136 298 136 298 136 298 136 551 154 134
551 154 134 235 539 134 599 47 71 154 134 154 134 134 599 298 136 298 136 551
298 136 298 136 298 136 298 136 298 136 298 136 298 136 298 136 298 136 298 136
235 539 134 599 47 71 154 134 154 134 134 599 298 136 298 136 298 136 298 136
298 136 298 136 298 136 298 136 298 136 298 136 298 136 136 368 134 599 136 368
552 235 539 552 725 551 136 368 134 599 552 235 539 552 580 551 516 552 621 518
552 235 539 134 599 47 71 154 134 154 134 134 599 298 136 298 136 298 136 551
298 136 298 136 551 136 368 134 599 154 134 235 539 134 599 47 71 154 134 552
552 134 599 298 136 298 136 298 136 298 136 298 136 298 136 298 136 298 136 551
235 539 134 599 47 71 154 134 154 134 134 599 298 136 298 136 298 136 298 136
298 136 298 136 298 136 298 136 298 136 298 136 298 136 136 368 134 599 154 134
235 539 552 725 551 136 368 134 599 134 599 552 235 539 552 580 551 516 552 621
518 552 235 539 134 599 47 71 154 134 154 134 134 599 298 136 298 136 298 136
298 136 298 136 298 136 136 368 134 599 154 134 235 539 134 599 47 71 154 134
154 134 134 599 298 136 298 136 298 136 298 136 298 136 298 136 298 136 298 136
298 136 298 136 298 136 298 136 551 134 599 134 599 235 539 552 725 551 136 368
235 539 134 599 47 71 154 134 154 134 134 599 298 136 298 136 298 136 298 136
298 136 298 136 298 136 298 136 298 136 298 136 551 136 368 515 640 515 640 554
134 599 551 154 134 515 640 515 640 515 640 515 640 235 539 134 599 47 71 552
154 134 552 515 640 134 599 552 725 298 136 136 368 134 599 298 136 134 599 551
298 136 298 136 298 136 298 136 298 136 298 136 298 136 298 136 298 136 298 136
136 368 235 539 552 580 551 516 552 621 515 640 551 518 552 515 640 515 640 554
515 640 235 539 552 134 599 47 71 154 134 154 134 134 599 298 136 298 136 551
298 136 298 136 551 136 368 134 599 154 134 515 640 515 640 515 640 515 640 554
235 539 134 599 47 71 154 134 154 134 134 599 298 136 298 136 298 136 298 136
298 136 298 136 298 136 298 136 298 136 298 136 298 136 136 368 134 599 154 134
235 539 552 725 551 136 368 134 599 552 235 539 552 580 551 516 552 621 518 552
235 539 134 599 47 71 154 134 154 134 134 599 298 136 298 136 298 136 298 136
298 136 298 136 136 368 134 599 154 134 235 539 134 599 47 71 154 134 154 134
134 599 298 136 298 136 298 136 298 136 298 136 298 136 298 136 298 136 298 136
235 539 134 599 47 71 154 134 154 134 134 599 298 136 298 136 298 136 298 136
298 136 298 136 298 136 298 136 298 136 298 136 298 136 136 368 134 599 298 136
154 134 552 235 539 552 725 551 136 368 134 599 552 235 539 552 580 551 516 552
621 518 552 235 539 134 599 47 71 154 134 154 134 134 599 298 136 298 136 551
298 136 298 136 298 136 551 136 368 134 599 154 134 235 539 134 599 47 71 552
154 134 552 134 599 298 136 298 136 298 136 298 136 298 136 298 136 298 136 551
235 539 134 599 47 71 154 134 154 134 134 599 134 599 134 599 515 640 134 599
298 136 298 136 298 136 298 136 298 136 298 136 298 136 298 136 298 136 136 368
552 134 599 154 134 515 640 515 640 515 640 515 640 515 640 554 235 539 552 725
298 136 154 134 134 599 552 515 640 515 640 554 235 539 552 580 551 516 552 621
551 518 552 515 640 515 640 515 640 515 640 235 539 134 599 47 71 154 134 552
552 134 599 134 599 298 136 298 136 298 136 298 136 298 136 551 136 368 134 599
552 134 599 552 515 640 515 640 515 640 515 640 515 640 515 640 515 640 515 640
515 640 515 640 515 640 554 235 539 134 599 47 71 154 134 154 134 134 599 551
298 136 298 136 298 136 298 136 298 136 298 136 298 136 298 136 298 136 298 136
235 539 134 599 47 71 154 134 154 134 134 599 298 136 298 136 298 136 298 136
298 136 298 136 298 136 298 136 298 136 298 136 298 136 136 368 134 599 154 134
235 539 552 725 551 136 368 134 599 552 235 539 552 580 551 516 552 621 518 552
235 539 134 599 47 71 154 134 154 134 134 599 298 136 298 136 298 136 298 136
298 136 551 136 368 134 599 154 134 235 539 134 599 47 71 154 134 154 134 552
298 136 298 136 298 136 298 136 298 136 298 136 298 136 298 136 298 136 298 136
298 136 551 136 368 235 539 134 599 47 71 154 134 154 134 134 599 298 136 551
298 136 298 136 298 136 298 136 298 136 298 136 298 136 298 136 298 136 298 136
552 134 599 154 134 235 539 552 725 551 136 368 134 599 552 235 539 552 580 551
516 552 621 518 552 235 539 134 599 47 71 154 134 154 134 134 599 298 136 551
298 136 298 136 298 136 298 136 551 136 368 134 599 154 134 235 539 134 599 47
71 154 134 154 134 134 599 298 136 298 136 298 136 298 136 298 136 298 136 551
235 539 134 599 47 71 154 134 154 134 134 599 298 136 298 136 298 136 298 136
298 136 298 136 298 136 298 136 298 136 298 136 298 136 136 368 134 599 136 368
134 599 552 235 539 552 725 551 136 368 134 599 552 235 539 552 580 551 516 552
621 518 552 235 539 134 599 47 71 154 134 154 134 134 599 134 599 551 136 368
298 136 298 136 298 136 298 136 47 71 154 134 552 134 599 298 136 551 154 134
134 599 552 134 599 298 136 298 136 298 136 298 136 298 136 298 136 298 136 551
298 136 298 136 298 136 298 136 551 136 368 521 552 235 539 552 621 551 522 552
509 552 235 539 134 599 47 71 154 134 154 134 154 134 439 551 439 439 439 551
235 539 134 599 47 71 154 134 154 134 552 737 547 439 547 298 136 298 136 551
298 136 298 136 298 136 298 136 298 136 136 368 134 599 552 134 599 552 235 539
552 725 298 136 154 134 134 599 235 539 134 599 552 580 551 516 552 621 551 554
515 640 516 552 235 539 552 725 298 136 154 134 134 599 235 539 552 580 136 368
235 539 515 640 136 368 580 551 235 539 134 599 47 154 134 554 71 552 134 599
298 136 298 136 298 136 298 136 298 136 298 136 298 136 298 136 298 136 298 136
235 539 134 599 47 71 154 134 154 134 134 599 298 136 298 136 298 136 298 136
298 136 298 136 298 136 298 136 298 136 298 136 298 136 136 368 134 599 154 134
235 539 552 725 551 136 368 134 599 552 235 539 552 580 551 516 552 621 518 552
235 539 134 599 47 71 154 134 154 134 134 599 298 136 298 136 298 136 298 136
298 136 298 136 136 368 134 599 551 154 134 552 235 539 134 599 47 71 154 134
154 134 134 599 298 136 298 136 298 136 298 136 298 136 298 136 298 136 298 136
235 539 134 599 47 71 154 134 154 134 134 599 298 136 298 136 298 136 298 136
298 136 298 136 298 136 298 136 298 136 298 136 298 136 136 368 134 599 298 136
154 134 552 235 539 134 599 47 71 154 134 154 134 134 599 298 136 298 136 551
298 136 298 136 298 136 298 136 298 136 298 136 298 136 298 136 551 134 599 547
552 725 298 136 298 136 547 154 134 134 599 552 235 539 552 580 551 516 552 621
551 518 552 235 539 134 599 47 71 154 134 154 134 134 599 298 136 298 136 551
235 539 134 599 47 71 154 134 154 134 134 599 298 136 298 136 298 136 298 136
298 136 298 136 298 136 298 136 298 136 298 136 551 136 368 134 599 551 154 134
136 368 235 539 552 725 551 136 368 134 599 552 235 539 552 580 551 516 552 621
551 516 621 551 518 552 235 539 134 599 47 71 154 134 154 134 134 599 298 136
298 136 298 136 298 136 298 136 551 136 368 134 599 154 134 235 539 134 599 47
71 154 134 154 134 134 599 298 136 298 136 298 136 298 136 298 136 298 136 551
235 539 134 599 47 71 154 134 154 134 134 599 298 136 298 136 298 136 298 136
298 136 298 136 298 136 298 136 298 136 298 136 298 136 136 368 134 599 136 368
552 235 539 552 725 551 136 368 134 599 154 134 235 539 552 580 551 516 552 621
518 552 235 539 134 599 47 71 154 134 154 134 134 599 298 136 298 136 298 136
298 136 298 136 298 136 136 368 134 599 154 134 235 539 134 599 47 71 154 134
154 134 134 599 298 136 298 136 298 136 298 136 298 136 298 136 298 136 298 136
235 539 134 599 47 71 154 134 154 134 134 599 298 136 298 136 298 136 298 136
298 136 298 136 298 136 298 136 298 136 298 136 298 136 136 368 134 599 136 368
552 235 539 552 725 551 136 368 134 599 552 235 539 552 580 551 516 552 621 551
518 552 235 539 134 599 47 71 154 134 154 134 134 599 298 136 298 136 298 136
298 136 298 136 551 136 368 134 599 154 134 235 539 134 599 47 71 154 134 552
552 134 599 298 136 298 136 298 136 298 136 298 136 298 136 298 136 298 136 551
235 539 134 599 47 71 154 134 154 134 134 599 298 136 298 136 298 136 298 136
298 136 298 136 298 136 298 136 298 136 298 136 551 136 368 134 599 154 134 554
136 368 725 551 136 368 134 599 552 235 539 552 580 551 516 552 621 551 518 552
235 539 134 599 47 71 154 134 154 134 134 599 298 136 298 136 298 136 298 136
298 136 136 368 134 599 154 134 235 539 134 599 47 71 154 134 154 134 134 599
298 136 298 136 298 136 298 136 298 136 298 136 298 136 298 136 298 136 298 136
