1580 1448 1568 1460 80 124 1568 1568 1568 1568 1568 1460 1460 1460 1460 1460 1460 1460 1460 1460
1460 1460 1460 1460 1460 1460 1460 1460 1460 1460 1460 1460 1460 1460 1460 1568 1568 1460 1568 1568
1460 1568 1580 1448 1568 1917 1460 1448 1568 1568 1460 1568 1580 1448 1568 1616 1460 1320 1568 1724
1460 1320 1724 1460 1356 1568 1580 1448 1568 1460 80 124 1568 1568 1568 1568 1568 1460 1460 1460
1460 1460 1460 1460 1460 1460 1460 1460 1460 1460 1460 1568 1568 1460 1568 1568 1580 1448 1568 1460
80 124 1568 1568 1568 1568 1568 1460 1460 1460 1460 1460 1460 1460 1460 1460 1460 1460 1460 1460
1580 1448 1568 1460 80 124 1568 1568 1568 1568 1568 1460 1460 1460 1460 1460 1460 1460 1460 1460
1460 1460 1460 1460 1460 1460 1460 1460 1460 1580 1460 1460 1580 1580 1460 1580 1580 1460 1460 1460
1460 1568 1568 1460 1460 1568 1568 1580 1580 1580 1580 1580 1580 1580 1580 1580 1580 1580 1580 1448
1568 1917 1580 1460 1447 1568 1568 1460 1568 1580 1580 1448 1568 1616 1460 1580 1580 1580 1580 1580
1580 1320 1568 1724 1580 1580 1580 1460 1356 1580 1580 1568 1580 1580 1448 1568 1460 80 124 1568
1568 1568 1568 1580 1568 1448 1568 1580 1460 1460 80 124 1568 1568 1568 1568 1460 1460 1460 1460
1460 1460 1460 1568 1460 1460 1460 1460 1460 1460 1568 1568 1460 1460 1460 1568 1568 1460 1460 1460
1460 1460 1460 1460 1460 1460 1460 1460 1460 1460 1460 1460 1460 1460 1580 1460 1460 1460 1460 1460
1568 1580 1580 1580 1580 1580 1580 1580 1580 1580 1580 1580 1580 1580 1580 1580 1580 1580 1580 1580
1580 1448 1568 1460 80 124 1568 1568 1568 1568 1568 1460 1460 1460 1460 1460 1460 1460 1460 1460
1460 1460 1460 1460 1460 1460 1460 1460 1460 1460 1460 1460 1460 1460 1460 1460 1568 1568 1460 1568
1568 1580 1448 1568 1917 1460 1448 1568 1568 1460 1568 1580 1448 1568 1616 1460 1320 1568 1724 1460
1356 1568 1580 1448 1568 1460 80 124 1568 1568 1568 1568 1568 1460 1460 1460 1460 1460 1460 1460
1460 1460 1460 1460 1460 1460 1460 1568 1568 1460 1568 1568 1580 1448 1568 1460 80 124 1568 1568
1568 1568 1568 1460 1460 1460 1460 1460 1460 1460 1460 1460 1460 1460 1460 1460 1460 1460 1460 1460
1580 1580 1580 1580 1580 1580 1448 1568 1460 80 124 1568 1568 1568 1568 1568 1460 1460 1460 1460
1460 1460 1460 1460 1460 1460 1460 1460 1460 1460 1460 1460 1460 1460 1460 1460 1460 1460 1460 1460
1568 1580 1580 1580 1580 1580 1580 1568 1460 1568 1568 1580 1580 1580 1580 1580 1580 1580 1580 1580
1448 1568 1917 1460 1448 1568 1568 1460 1568 1580 1580 1580 1580 1580 1580 1448 1568 1616 1580 1448
1580 1580 1580 1580 1580 1580 1616 1580 1448 1580 1580 1580 1580 1580 1580 1580 1580 1580 1580 1448
1580 1580 1616 1460 1580 1580 1580 1320 1568 1724 1460 1356 1568 1580 1448 1568 1460 80 124 1568
1568 1568 1568 1568 1460 1460 1460 1460 1460 1460 1460 1460 1460 1460 1460 1460 1460 1460 1568 1568
1460 1568 1568 1580 1448 1568 1460 80 124 1568 1568 1568 1568 1568 1460 1460 1460 1460 1460 1460
1460 1460 1460 1460 1460 1460 1460 1460 1460 1460 1460 1460 1460 1460 1460 1460 1460 1460 1460 1460
1580 1448 1568 1460 80 124 1568 1568 1568 1568 1568 1460 1460 1460 1460 1460 1460 1460 1460 1460
1460 1460 1460 1460 1460 1460 1460 1460 1460 1460 1460 1460 1460 1460 1460 1568 1568 1460 1460 1568
1568 1580 1448 1568 1917 1460 1448 1568 1568 1460 1568 1580 1448 1568 1616 1460 1320 1568 1724 1356
1568 1580 1448 1568 1460 80 124 1568 1568 1568 1568 1568 1460 1460 1460 1460 1460 1460 1460 1460
1460 1460 1460 1460 1460 1460 1568 1568 1460 1568 1568 1580 1448 1568 1460 80 124 1568 1568 1568
1568 1568 1460 1460 1460 1460 1460 1460 1460 1460 1460 1460 1460 1460 1460 1460 1460 1460 1460 1460
1580 1448 1568 1460 80 124 1568 1568 1568 1568 1568 1460 1460 1460 1460 1460 1460 1460 1460 1460
1460 1460 1460 1460 1460 1460 1460 1460 1460 1460 1460 1460 1460 1460 1460 1568 1568 1460 1568 1568
1580 1448 1568 1917 1460 1446 1568 1568 1460 1568 1460 1568 1580 1448 1568 1616 1460 1320 1568 1724
1356 1568 1580 1448 1568 1460 80 124 1568 1568 1568 1568 1568 1460 1460 1460 1460 1460 1460 1460
1460 1460 1460 1460 1460 1460 1460 1568 1568 1460 1568 1568 1580 1448 1568 1460 80 124 1568 1568
1568 1568 1568 1460 1460 1460 1460 1460 1460 1460 1460 1460 1460 1460 1460 1460 1460 1460 1460 1460
1460 1460 1460 1460 1460 1460 1460 1460 1460 1568 1460 1568 1460 1580 1448 1568 1917 1460 1447 1568
1580 1448 1568 1460 80 124 1568 1568 1568 1568 1568 1460 1460 1460 1460 1460 1460 1460 1460 1460
1460 1460 1460 1460 1460 1460 1460 1460 1460 1460 1460 1460 1460 1460 1568 1580 1580 1580 1580 1580
1568 1460 1460 1568 1568 1580 1580 1580 1580 1580 1580 1580 1580 1580 1448 1568 1460 80 124 1568
1568 1568 1568 1580 1580 1568 1448 1568 1917 1460 1460 1447 1568 1568 1460 1460 1460 1568 1460 1460
1460 1460 1460 1460 1460 1460 1460 1460 1460 1460 1460 1460 1460 1460 1460 1460 1460 1460 1460 1460
1460 1568 1580 1448 1568 1616 1460 1320 1568 1724 1580 1580 1460 1356 1568 1580 1580 1580 1580 1580
1580 1580 1580 1448 1568 1580 1460 80 124 1568 1568 1568 1568 1568 1460 1460 1460 1460 1460 1460
1460 1460 1460 1460 1460 1460 1568 1568 1460 1568 1568 1580 1580 1580 1580 1580 1580 1580 1580 1580
1580 1448 1568 1460 80 124 1568 1568 1568 1568 1568 1460 1460 1460 1460 1460 1460 1460 1460 1460
1460 1460 1460 1460 1460 1460 1460 1460 1460 1460 1460 1460 1460 1460 1460 1568 1568 1460 1568 1568
1580 1448 1568 1917 1460 1447 1568 1568 1460 1568 1580 1448 1568 1616 1460 1320 1568 1724 1356 1568
1580 1448 1568 1460 80 124 1568 1568 1568 1568 1568 1460 1460 1460 1460 1460 1460 1460 1460 1460
1460 1460 1460 1460 1460 1568 1568 1460 1568 1568 1580 1448 1568 1460 80 124 1568 1568 1568 1568
1568 1460 1460 1460 1460 1460 1460 1460 1460 1460 1460 1460 1460 1460 1460 1460 1460 1460 1460 1460
1580 1448 1568 1460 80 124 1568 1568 1568 1568 1568 1460 1460 1460 1460 1460 1460 1460 1460 1460
1460 1460 1460 1460 1460 1460 1460 1460 1460 1460 1460 1460 1460 1460 1460 1568 1568 1460 1460 1460
1568 1568 1568 1580 1448 1568 1917 1460 1447 1568 1568 1460 1568 1580 1448 1568 1616 1460 1320 1568
1724 1356 1568 1580 1448 1568 1460 80 124 1568 1568 1568 1568 1568 1460 1460 1460 1460 1460 1460
1460 1460 1460 1460 1460 1460 1460 1460 1568 1568 1460 1568 1568 1580 1448 1568 1460 80 124 1568
1568 1568 1568 1568 1460 1460 1460 1460 1460 1460 1460 1460 1460 1460 1460 1460 1460 1460 1460 1460
1580 1448 1568 1460 80 124 1568 1568 1568 1568 1568 1460 1580 1460 1580 1460 1580 1580 1580 1460
1460 1460 1460 1460 1460 1460 1460 1460 1460 1460 1460 1460 1460 1460 1460 1460 1460 1460 1460 1568
1568 1568 1460 1568 1568 1580 1580 1580 1580 1580 1580 1580 1580 1580 1580 1580 1580 1448 1568 1917
1460 1446 1568 1568 1580 1460 1568 1580 1580 1580 1580 1580 1580 1448 1568 1616 1460 1320 1568 1724
1460 1356 1568 1580 1580 1580 1580 1580 1580 1580 1580 1580 1448 1568 1460 80 124 1568 1568 1568
1568 1568 1460 1580 1460 1460 1460 1460 1460 1460 1460 1460 1460 1460 1460 1460 1460 1568 1568 1460
1568 1568 1460 1568 1580 1580 1580 1580 1580 1580 1580 1580 1580 1580 1580 1580 1580 1580 1580 1580
1580 1580 1580 1580 1580 1580 1580 1580 1448 1568 1460 80 124 1568 1568 1568 1568 1568 1460 1460
1460 1460 1460 1460 1460 1460 1460 1460 1460 1460 1460 1460 1460 1460 1460 1460 1460 1460 1460 1460
1580 1448 1568 1460 80 124 1568 1568 1568 1568 1568 1460 1460 1460 1460 1460 1460 1460 1460 1460
1460 1460 1460 1460 1460 1460 1460 1460 1460 1460 1460 1460 1460 1460 1460 1568 1568 1460 1568 1568
1580 1448 1568 1917 1460 1448 1568 1568 1460 1568 1580 1448 1568 1616 1460 1320 1568 1724 1356 1568
1580 1448 1568 1460 80 124 1568 1568 1568 1568 1568 1460 1460 1460 1460 1460 1460 1460 1460 1460
1460 1460 1460 1460 1568 1568 1460 1568 1568 1580 1448 1568 1460 80 124 1568 1568 1568 1568 1568
1460 1460 1460 1460 1460 1460 1460 1460 1460 1460 1460 1460 1460 1460 1460 1460 1460 1460 1460 1460
1460 1460 1460 1460 1568 1580 1448 1568 1460 80 124 1568 1568 1568 1568 1568 1460 1460 1460 1460
1460 1460 1460 1460 1460 1460 1460 1460 1460 1460 1460 1460 1460 1460 1460 1460 1460 1460 1460 1460
1568 1568 1460 1568 1568 1580 1448 1568 1917 1460 1447 1568 1568 1460 1568 1580 1448 1568 1616 1460
1320 1568 1724 1356 1568 1580 1448 1568 1460 80 124 1568 1568 1568 1568 1568 1460 1460 1460 1460
1460 1460 1460 1460 1460 1460 1460 1460 1460 1460 1568 1568 1460 1568 1568 1580 1448 1568 1460 80
124 1568 1568 1568 1568 1568 1460 1460 1460 1460 1460 1460 1460 1460 1460 1460 1460 1460 1460 1460
1580 1448 1568 1460 80 124 1568 1568 1568 1568 1568 1460 1460 1460 1460 1460 1460 1460 1460 1460
1460 1460 1460 1460 1460 1460 1460 1460 1460 1460 1460 1460 1460 1460 1460 1568 1568 1460 1460 1568
1568 1460 1568 1580 1448 1568 1917 1460 1447 1568 1568 1460 1568 1580 1448 1568 1616 1460 1320 1568
1724 1356 1568 1580 1448 1568 1460 80 124 1568 1568 1568 1568 1568 1460 1580 1460 1460 1448 1568
1460 1460 1460 1460 1460 1460 1460 1460 80 124 1568 1568 1568 1568 1460 1460 1460 1460 1568 1568
1568 1460 1568 1568 1460 1460 1460 1460 1460 1460 1460 1460 1460 1460 1460 1460 1460 1460 1460 1460
1460 1460 1460 1460 1460 1460 1460 1460 1460 1460 1568 1368 1568 1580 1448 1568 1724 1460 1380 1568
1260 1568 1580 1448 1568 1460 80 124 1568 1568 1568 1568 1568 1568 2948 1460 2948 2948 2948 1460
1580 1448 1568 1460 80 124 1568 1568 1568 1568 1568 1946 1448 2948 1448 1460 1460 1460 1460 1460
1460 1460 1460 1460 1460 1460 1460 1460 1460 1460 1460 1568 1568 1460 1568 1568 1460 1568 1580 1448
1568 1917 1460 1448 1568 1568 1568 1448 1580 1448 1568 1460 1568 1616 1460 1320 1568 1724 1460 1580
1580 1580 1320 1568 1580 1448 1568 1917 1460 1448 1568 1568 1568 1448 1580 1448 1568 1616 1460 1568
1616 1448 1580 1580 1460 1568 1616 1460 1580 1448 1568 1460 80 1568 1568 1580 124 1568 1568 1460
1460 1460 1460 1460 1460 1460 1460 1460 1460 1460 1460 1460 1460 1460 1460 1460 1460 1460 1460 1460
1580 1448 1568 1460 80 124 1568 1568 1568 1568 1568 1460 1460 1460 1460 1460 1460 1460 1460 1460
1460 1460 1460 1460 1460 1460 1460 1460 1460 1460 1460 1460 1460 1460 1460 1568 1568 1460 1568 1568
1580 1448 1568 1917 1460 1449 1568 1568 1460 1568 1580 1448 1568 1616 1460 1320 1568 1724 1356 1568
1580 1448 1568 1460 80 124 1568 1568 1568 1568 1568 1460 1460 1460 1460 1460 1460 1460 1460 1460
1460 1460 1460 1460 1460 1568 1568 1460 1460 1568 1568 1568 1580 1448 1568 1460 80 124 1568 1568
1568 1568 1568 1460 1460 1460 1460 1460 1460 1460 1460 1460 1460 1460 1460 1460 1460 1460 1460 1460
1580 1448 1568 1460 80 124 1568 1568 1568 1568 1568 1460 1460 1460 1460 1460 1460 1460 1460 1460
1460 1460 1460 1460 1460 1460 1460 1460 1460 1460 1460 1460 1460 1460 1460 1568 1568 1460 1460 1460
1568 1568 1568 1580 1448 1568 1460 80 124 1568 1568 1568 1568 1568 1460 1460 1460 1460 1460 1460
1460 1460 1460 1460 1460 1460 1460 1460 1460 1460 1460 1460 1460 1460 1460 1460 1460 1580 1460 1448
1568 1917 1460 1460 1460 1460 1448 1568 1568 1568 1460 1568 1580 1448 1568 1616 1460 1320 1568 1724
1460 1356 1568 1580 1448 1568 1460 80 124 1568 1568 1568 1568 1568 1460 1460 1460 1460 1460 1460
1580 1448 1568 1460 80 124 1568 1568 1568 1568 1568 1460 1460 1460 1460 1460 1460 1460 1460 1460
1460 1460 1460 1460 1460 1460 1460 1460 1460 1460 1460 1460 1460 1460 1568 1568 1460 1460 1568 1568
1460 1568 1580 1448 1568 1917 1460 1447 1568 1568 1460 1568 1580 1448 1568 1616 1460 1320 1568 1724
1460 1320 1724 1460 1356 1568 1580 1448 1568 1460 80 124 1568 1568 1568 1568 1568 1460 1460 1460
1460 1460 1460 1460 1460 1460 1460 1460 1460 1460 1568 1568 1460 1568 1568 1580 1448 1568 1460 80
124 1568 1568 1568 1568 1568 1460 1460 1460 1460 1460 1460 1460 1460 1460 1460 1460 1460 1460 1460
1580 1448 1568 1460 80 124 1568 1568 1568 1568 1568 1460 1460 1460 1460 1460 1460 1460 1460 1460
1460 1460 1460 1460 1460 1460 1460 1460 1460 1460 1460 1460 1460 1460 1460 1568 1568 1460 1460 1568
1568 1580 1448 1568 1917 1460 1448 1568 1568 1460 1568 1580 1580 1448 1568 1616 1460 1320 1568 1724
1356 1568 1580 1448 1568 1460 80 124 1568 1568 1568 1568 1568 1460 1460 1460 1460 1460 1460 1460
1460 1460 1460 1460 1460 1460 1460 1568 1568 1460 1568 1568 1580 1448 1568 1460 80 124 1568 1568
1568 1568 1568 1460 1460 1460 1460 1460 1460 1460 1460 1460 1460 1460 1460 1460 1460 1460 1460 1460
1580 1448 1568 1460 80 124 1568 1568 1568 1568 1568 1460 1460 1460 1460 1460 1460 1460 1460 1460
1460 1460 1460 1460 1460 1460 1460 1460 1460 1460 1460 1460 1460 1460 1460 1568 1568 1460 1460 1568
1568 1580 1448 1568 1917 1460 1446 1568 1568 1460 1568 1580 1448 1568 1616 1460 1320 1568 1724 1460
1356 1568 1580 1448 1568 1460 80 124 1568 1568 1568 1568 1568 1460 1460 1460 1460 1460 1460 1460
1460 1460 1460 1460 1460 1460 1568 1568 1460 1568 1568 1580 1448 1568 1460 80 124 1568 1568 1568
1568 1568 1460 1460 1460 1460 1460 1460 1460 1460 1460 1460 1460 1460 1460 1460 1460 1460 1460 1460
1580 1448 1568 1460 80 124 1568 1568 1568 1568 1568 1460 1460 1460 1460 1460 1460 1460 1460 1460
1460 1460 1460 1460 1460 1460 1460 1460 1460 1460 1460 1460 1460 1460 1568 1568 1460 1568 1568 1580
1448 1568 1917 1460 1448 1568 1568 1460 1568 1580 1448 1568 1616 1460 1320 1568 1724 1460 1356 1568
1580 1448 1568 1460 80 124 1568 1568 1568 1568 1568 1460 1460 1460 1460 1460 1460 1460 1460 1460
1460 1460 1460 1568 1568 1460 1568 1568 1580 1448 1568 1460 80 124 1568 1568 1568 1568 1568 1460
1460 1460 1460 1460 1460 1460 1460 1460 1460 1460 1460 1460 1460 1460 1460 1460 1460 1460 1460 1460
