1580 1448 1568 1917 1460 1446 1568 1568 1460 1568 1580 1448 1568 1616 1460 1580 1448 1568 1460 80
124 1568 1568 1568 1568 1568 1460 1460 1460 1460 1460 1460 1460 1460 1460 1460 1460 1460 1460 1460
1460 1568 1460 1460 1460 1460 1568 1568 1460 1568 1568 1320 1568 1724 1460 1356 1568 1580 1448 1568
1460 80 124 1568 1568 1568 1568 1568 1460 1460 1460 1460 1460 1460 1568 1568 1460 1568 1568 1580
1448 1568 1460 80 124 1568 1568 1568 1568 1568 1460 1568 1460 1460 1568 1568 1580 1448 1568 1460
80 124 1568 1568 1568 1568 1568 1460 1460 1460 1460 1460 1460 1460 1460 1460 1460 1460 1460 1460
1460 1460 1460 1460 1460 1460 1460 1568 1568 1460 1568 1568 1716 1460 1380 1568 1580 1448 1568 1460
80 124 1568 1568 1568 1568 1568 1568 1460 1460 1460 1460 1460 1460 1460 1460 1460 1460 1460 1460
1460 1460 1460 1460 1460 1460 1460 1460 1460 1460 1460 1460 1460 1460 1460 1568 1568 1568 1460 1460
1568 1568 1580 1448 1568 1460 80 124 1568 1568 1568 1568 1568 1460 1568 1460 1460 1568 1568 1580
1580 1448 1568 1917 1460 1447 1568 1568 1460 1568 1580 1448 1568 1616 1460 1320 1568 1724 1356 1580
1568 1448 1568 1460 80 124 1568 1568 1568 1568 1568 1460 1460 1460 1460 1460 1460 1460 1460 1460
1460 1460 1460 1460 1460 1460 1460 1460 1568 1568 1460 1460 1568 1568 1580 1448 1568 1460 80 124
1568 1568 1568 1568 1568 1460 1460 1460 1460 1460 1460 1568 1568 1460 1568 1568 1460 1568 1580 1448
1568 1460 80 124 1568 1568 1568 1568 1568 1460 1460 1460 1460 1460 1460 1460 1460 1460 1460 1460
1460 1460 1460 1460 1460 1460 1460 1460 1460 1460 1568 1568 1460 1568 1568 1580 1448 1568 1460 80
124 1568 1568 1568 1568 1568 1460 1460 1460 1460 1460 1460 1460 1716 1460 1460 1380 1568 1460 1460
1460 1460 1460 1460 1460 1460 1460 1568 1460 1568 1568 1580 1448 1568 1460 80 124 1568 1568 1568
1568 1568 1460 1568 1568 1460 1460 1568 1568 1580 1448 1568 1460 80 124 1568 1568 1568 1568 1568
1580 1448 1568 1917 1460 1447 1568 1568 1460 1568 1580 1448 1568 1616 1460 1320 1568 1724 1460 1580
1448 1568 1460 80 124 1568 1568 1568 1568 1568 1460 1460 1460 1460 1460 1460 1460 1460 1460 1460
1460 1460 1460 1460 1460 1460 1460 1460 1568 1320 1568 1724 1460 1356 1568 1568 1460 1460 1568 1568
1580 1448 1568 1460 80 124 1568 1568 1568 1568 1568 1460 1460 1460 1460 1460 1460 1568 1568 1460
1568 1568 1580 1448 1568 1460 80 124 1568 1568 1568 1568 1568 1460 1568 1460 1460 1568 1568 1460
1568 1580 1448 1568 1460 80 124 1568 1568 1568 1568 1568 1460 1460 1460 1460 1460 1460 1460 1460
1460 1460 1460 1460 1460 1460 1460 1460 1460 1460 1460 1568 1568 1460 1568 1568 1716 1380 1568 1580
1448 1568 1460 80 124 1568 1568 1568 1568 1568 1460 1460 1460 1460 1460 1460 1460 1460 1460 1460
1460 1460 1460 1460 1460 1460 1460 1460 1460 1568 1460 1460 1568 1568 1580 1448 1568 1460 80 124
1580 1448 1568 1917 1460 1447 1568 1568 1460 1568 1580 1448 1568 1616 1460 1320 1568 1724 1460 1580
1448 1568 1460 80 124 1568 1568 1568 1568 1568 1460 1460 1460 1460 1460 1460 1460 1460 1460 1460
1460 1460 1460 1460 1460 1460 1460 1568 1320 1724 1460 1568 1460 1460 1568 1568 1356 1568 1580 1448
1568 1460 80 124 1568 1568 1568 1568 1568 1460 1460 1460 1460 1460 1460 1568 1568 1460 1460 1568
1568 1580 1448 1568 1460 80 124 1568 1568 1568 1568 1568 1460 1460 1460 1460 1460 1460 1460 1460
1460 1460 1460 1460 1460 1460 1460 1460 1460 1460 1460 1460 1460 1460 1568 1568 1460 1568 1568 1716
1460 1380 1568 1580 1580 1448 1568 1448 1568 1460 80 124 1568 1568 1568 1568 1460 80 124 1568
1568 1568 1568 1568 1568 1460 1568 1568 1460 1460 1568 1568 1460 1460 1460 1460 1460 1460 1460 1460
1460 1460 1460 1460 1460 1460 1460 1460 1460 1568 1460 1460 1568 1568 1580 1448 1568 1460 80 124
1580 1448 1568 1917 1460 1446 1568 1568 1460 1568 1580 1448 1568 1616 1460 1320 1568 1724 1356 1580
1568 1448 1568 1460 80 124 1568 1568 1568 1568 1568 1460 1460 1460 1460 1460 1460 1460 1460 1460
1460 1460 1460 1460 1460 1460 1460 1460 1568 1568 1460 1460 1568 1568 1580 1448 1568 1460 80 124
1568 1568 1568 1568 1568 1460 1460 1460 1460 1460 1460 1568 1568 1460 1460 1568 1568 1568 1580 1448
1568 1460 80 124 1568 1568 1568 1568 1568 1460 1460 1460 1460 1460 1460 1460 1460 1460 1460 1460
1460 1460 1460 1460 1460 1460 1460 1460 1460 1460 1568 1568 1460 1568 1568 1580 1448 1568 1460 80
124 1568 1568 1568 1568 1568 1716 1380 1568 1460 1460 1460 1460 1460 1460 1460 1460 1460 1460 1460
1460 1460 1460 1460 1460 1460 1460 1460 1460 1568 1460 1568 1568 1580 1448 1568 1795 1580 1568 1460
80 80 124 657 1568 1568 1568 1568 1448 1568 1894 1401 1568 2389 1460 80 124 1568 1568 1568
1568 1460 719 1568 1568 1460 1568 1605 1568 1568 1460 1423 1460 1568 1568 1460 1460 1568 1568 1460
1580 1448 1568 1917 1460 1447 1568 1568 1460 1568 1580 1448 1568 1616 1460 1320 1568 1724 1356 1568
1580 1448 1568 1580 1448 1568 1460 80 124 1568 1568 1568 1568 1460 80 124 1568 1568 1568 1568
1568 1568 1460 1460 1460 1460 1460 1460 1460 1460 1460 1460 1460 1460 1460 1460 1460 1460 1568 1460
1568 1460 1460 1460 1460 1460 1568 1568 1460 1460 1460 80 80 1568 1568 1568 1460 1568 1568 1580
1448 1568 1460 80 124 1568 1568 1568 1568 1580 1568 1448 1568 1460 1460 80 124 1568 1568 1568
1568 1460 1460 1460 1460 1460 1568 1568 1568 1460 1568 1568 1460 1460 1460 1460 1460 1460 1460 1460
1460 1460 1460 1460 1460 1460 1460 1460 1460 1460 1568 1568 1460 1568 1568 1580 1448 1568 1460 80
124 1568 1568 1568 1568 1568 1460 1568 1460 1460 1568 1568 1580 1448 1568 1460 80 124 1568 1568
1568 1568 1568 1460 1460 1460 1460 1460 1460 1460 1460 1460 1460 1460 1460 1460 1460 1460 1460 1460
1460 1460 1460 1460 1460 1460 1460 1568 1568 1460 1568 1568 1716 1460 1580 1448 1568 1460 80 124
1568 1568 1568 1568 1568 1380 1568 1460 1460 1568 1460 1460 1460 1460 1460 1460 1460 1460 1460 1460
1460 1460 1460 1460 1460 1460 1460 1460 1460 1460 1568 1460 1568 1568 1580 1448 1568 1460 80 124
1580 1448 1568 1917 1460 1446 1568 1568 1460 1568 1580 1448 1568 1616 1460 1580 1448 1568 1460 80
124 1568 1568 1568 1568 1568 1460 1460 1460 1460 1460 1460 1460 1460 1460 1460 1460 1460 1460 1460
1460 1460 1460 1460 1568 1568 1460 1568 1568 1320 1568 1724 1460 1356 1568 1580 1448 1568 1460 80
124 1568 1568 1568 1568 1568 1460 1460 1460 1460 1460 1460 1568 1460 1568 1568 1580 1448 1568 1460
80 124 1568 1568 1568 1568 1568 1568 1460 1568 1568 1460 1568 1580 1448 1568 1460 80 124 1568
1568 1568 1568 1568 1460 1460 1460 1460 1460 1460 1460 1460 1460 1460 1460 1460 1460 1460 1460 1460
1460 1460 1460 1460 1460 1460 1460 1568 1568 1460 1568 1568 1716 1380 1568 1580 1448 1568 1460 80
124 1568 1568 1568 1568 1568 1460 1460 1460 1460 1460 1460 1460 1460 1460 1460 1460 1460 1460 1460
1460 1460 1460 1460 1460 1460 1568 1460 1460 1568 1568 1580 1448 1568 1460 80 124 1568 1568 1568
1580 1448 1568 1917 1460 1448 1568 1568 1460 1568 1580 1448 1568 1616 1460 1320 1568 1724 1356 1568
1580 1580 1448 1568 1448 1568 1460 80 124 1568 1568 1568 1568 1460 80 124 1568 1568 1568 1568
1568 1568 1460 1460 1460 1460 1460 1460 1460 1460 1460 1460 1460 1460 1460 1460 1568 1568 1460 1460
1460 1460 1460 1460 1460 1568 1568 1460 1460 1460 80 80 1568 1568 1568 1460 1568 1568 1580 1448
1568 1795 1460 80 80 124 657 1568 1568 1568 1568 1894 1580 1401 1568 1813 2948 1448 1568 1460
2948 2948 2948 1460 80 124 1568 1568 1568 1568 1460 2948 2948 2316 1460 1460 1460 1460 1568 80
1363 1568 1605 1568 1460 1460 1423 1460 1568 1568 1460 1460 1460 1460 1460 1460 1460 1460 1460 1460
1460 1460 1460 1460 1460 1460 1460 1568 1568 1460 1568 1568 1580 1448 1568 1460 80 124 1568 1568
1568 1568 1568 1460 1568 1460 1460 1568 1568 1580 1448 1568 1460 80 124 1568 1568 1568 1568 1568
1460 1460 1460 1460 1460 1460 1460 1460 1460 1460 1460 1460 1460 1460 1460 1460 1460 1460 1460 1460
1460 1568 1568 1460 1568 1568 1716 1380 1568 1580 1448 1568 1460 80 124 1568 1568 1568 1568 1568
1568 1460 1460 1460 1460 1460 1460 1460 1460 1460 1460 1460 1460 1460 1460 1460 1460 1460 1460 1460
1460 1460 1460 1460 1460 1460 1460 1460 1460 1568 1568 1568 1460 1460 1568 1568 1580 1448 1568 1460
80 124 1568 1568 1568 1568 1568 1460 1568 1460 1460 1568 1568 1580 1448 1568 1460 80 124 1568
1580 1448 1568 1917 1460 1447 1568 1568 1460 1568 1580 1448 1568 1616 1460 1580 1320 1568 1724 1448
1568 1460 1356 1568 1460 80 124 1568 1568 1568 1568 1568 1460 1460 1460 1460 1460 1460 1580 1460
1460 1460 1448 1568 1460 1460 1460 1460 1460 1460 1460 80 124 1568 1568 1568 1568 1460 1460 1568
1568 1460 1460 1460 1460 1460 1460 1568 1568 1568 1460 1460 1460 1568 1568 1568 1568 1460 1460 1568
1568 1580 1448 1568 1460 80 124 1568 1568 1568 1568 1568 1460 1568 1460 1460 1568 1568 1460 1568
1580 1448 1568 1460 80 124 1568 1568 1568 1568 1568 1460 1460 1460 1460 1460 1460 1460 1460 1460
1460 1460 1716 1460 1460 1380 1568 1460 1460 1460 1460 1460 1460 1460 1460 1460 1460 1568 1568 1460
1568 1568 1580 1448 1568 1460 80 124 1568 1568 1568 1568 1568 1568 1460 1460 1460 1460 1460 1460
1460 1460 1460 1460 1460 1460 1460 1460 1460 1460 1460 1460 1460 1460 1460 1460 1460 1460 1460 1460
1460 1460 1460 1460 1568 1568 1568 1460 1460 1568 1568 1580 1448 1568 1460 80 124 1568 1568 1568
1568 1568 1460 1568 1460 1460 1568 1568 1580 1448 1568 1460 80 124 1568 1568 1568 1568 1568 1460
1580 1448 1568 1917 1460 1448 1568 1568 1460 1568 1580 1448 1568 1616 1448 1580 1580 1448 1568 1460
80 124 1568 1568 1568 1568 1568 1460 1460 1460 1460 1460 1460 1460 1460 1460 1460 1460 1460 1460
1460 1460 1460 1460 1460 1568 1616 1460 1320 1568 1724 1568 1460 1460 1568 1568 1356 1568 1580 1448
1568 1460 1568 80 124 1568 1568 1568 1568 1460 1460 1460 1460 1460 1460 1568 1460 1568 1568 1580
1448 1568 1460 80 124 1568 1568 1568 1568 1568 1460 1568 1460 1460 1568 1568 1580 1448 1568 1460
80 124 1568 1568 1568 1568 1568 1460 1460 1460 1460 1460 1460 1460 1460 1460 1460 1460 1460 1460
1460 1460 1460 1460 1460 1460 1460 1460 1460 1568 1568 1460 1568 1568 1716 1380 1568 1580 1448 1568
1460 80 124 1568 1568 1568 1568 1568 1568 1460 1460 1460 1460 1460 1460 1460 1460 1460 1460 1460
1460 1460 1460 1460 1460 1460 1460 1460 1460 1460 1460 1460 1460 1460 1460 1460 1460 1460 1568 1568
1568 1460 1460 1568 1568 1580 1448 1568 1460 80 124 1568 1568 1568 1568 1568 1460 1568 1460 1460
1568 1568 1580 1448 1568 1460 80 124 1568 1568 1568 1568 1568 1460 1568 1460 1460 1568 1568 1580
1448 1568 1460 80 124 1568 1568 1568 1568 1568 1460 1568 1460 1460 1568 1568 1580 1448 1568 1460
80 124 1568 1568 1568 1568 1568 1460 1568 1460 1460 1568 1568 1580 1448 1568 1460 80 124 1568
1568 1568 1568 1568 1460 1568 1460 1460 1568 1568 1580 1448 1568 1460 80 124 1568 1568 1568 1568
1568 1460 1568 1460 1460 1568 1568 1580 1448 1568 1460 80 124 1568 1568 1568 1568 1568 1460 1568
1460 1460 1568 1568 1580 1448 1568 1460 80 124 1568 1568 1568 1568 1568 1460 1568 1460 1460 1568
1460 1580 1448 1568 1917 1460 1446 1568 1568 1460 1568 1580 1580 1448 1568 1448 1568 1616 1460 80
124 1568 1568 1460 1320 1568 1568 1568 1724 1460 1568 1460 1460 1460 1460 1460 1460 1460 1460 1460
1460 1460 1460 1460 1460 1460 1460 1460 1568 1568 1460 1460 1568 1568 1320 1724 1460 1356 1568 1580
1448 1568 1795 1460 80 80 124 657 1568 1568 1568 1568 1894 1401 1568 1813 2948 1460 2948 2948
2948 1460 2948 2948 2316 1460 1460 1460 1460 80 1363 1568 1605 1568 1423 1460 1568 1568 1580 1448
1568 1460 80 124 1568 1568 1568 1568 1568 1460 1568 1460 1460 1568 1568 1580 1448 1568 1460 80
124 1568 1568 1568 1568 1568 1460 1460 1460 1460 1460 1460 1460 1460 1460 1460 1460 1460 1460 1460
1460 1460 1460 1460 1460 1460 1460 1460 1460 1568 1568 1460 1568 1568 1716 1380 1568 1580 1448 1568
1460 80 124 1568 1568 1568 1568 1568 1568 1460 1460 1460 1460 1460 1460 1460 1460 1460 1460 1460
1460 1460 1460 1460 1460 1460 1460 1460 1460 1460 1460 1460 1460 1460 1460 1460 1460 1460 1460 1460
1568 1568 1568 1460 1460 1568 1568 1580 1448 1568 1460 80 124 1568 1568 1568 1568 1568 1460 1568
1460 1460 1568 1568 1580 1448 1568 1460 80 124 1568 1568 1568 1568 1568 1460 1568 1460 1460 1568
1580 1448 1568 1917 1460 1447 1568 1568 1460 1568 1580 1448 1568 1616 1460 1320 1568 1724 1580 1356
1568 1448 1568 1460 80 124 1568 1568 1568 1568 1568 1460 1460 1460 1460 1460 1460 1460 1460 1460
1460 1460 1460 1460 1460 1460 1460 1460 1460 1568 1568 1460 1460 1568 1568 1580 1448 1568 1460 80
124 1568 1568 1568 1568 1568 1460 1460 1460 1460 1460 1460 1460 1460 1460 1568 1568 1460 1568 1568
1580 1448 1568 1460 80 124 1568 1568 1568 1568 1568 1568 1460 1568 1568 1580 1448 1568 1460 80
124 1568 1568 1568 1568 1568 1568 1460 1568 1568 1580 1448 1568 1460 80 124 1568 1568 1568 1568
1568 1568 1460 1568 1568 1580 1448 1568 1460 80 124 1568 1568 1568 1568 1568 1568 1460 1568 1568
1580 1448 1568 1580 1460 80 124 1448 1568 1568 1568 1568 1568 1460 80 124 1568 1568 1568 1568
1568 1568 1568 1460 1460 1568 1568 1460 1460 1460 1460 1460 1460 1460 1460 1460 1460 1460 1460 1460
1460 1460 1460 1460 1460 1460 1460 1460 1460 1568 1568 1460 1568 1568 1716 1460 1580 1448 1568 1460
80 124 1568 1568 1568 1568 1568 1460 1460 1460 1380 1460 1460 1568 1460 1460 1460 1460 1460 1460
1460 1460 1460 1460 1460 1460 1460 1460 1460 1460 1460 1568 1460 1460 1568 1568 1580 1448 1568 1460
1580 1448 1568 1917 1460 1447 1568 1568 1460 1568 1580 1448 1568 1616 1460 1320 1568 1724 1356 1568
1580 1448 1568 1460 80 124 1568 1568 1568 1568 1568 1460 1460 1460 1460 1460 1460 1460 1460 1460
1460 1460 1460 1460 1460 1460 1460 1460 1568 1580 1448 1568 1460 80 124 1568 1568 1568 1568 1568
1460 1460 1568 1568 1568 1460 1460 1460 1460 1460 1460 1568 1568 1460 1568 1568 1580 1448 1568 1460
80 124 1568 1568 1568 1568 1568 1460 1568 1460 1460 1568 1568 1460 1568 1580 1448 1568 1460 80
124 1568 1568 1568 1568 1568 1460 1460 1460 1460 1460 1460 1460 1460 1460 1460 1460 1460 1460 1460
1460 1460 1460 1460 1460 1460 1460 1568 1568 1460 1568 1568 1580 1448 1568 1460 80 124 1568 1568
1568 1568 1568 1460 1460 1460 1460 1460 1460 1460 1460 1460 1460 1460 1460 1460 1460 1460 1460 1460
1568 1460 1460 1568 1568 1580 1448 1568 1460 80 124 1568 1568 1568 1568 1568 1460 1568 1460 1460
1580 1448 1568 1917 1460 1448 1568 1568 1460 1568 1580 1448 1568 1616 1460 1580 1448 1568 1460 80
124 1568 1568 1568 1568 1568 1460 1460 1460 1460 1460 1460 1460 1460 1460 1460 1460 1460 1460 1460
1460 1460 1320 1568 1724 1460 1568 1460 1568 1460 1460 1568 1568 1320 1724 1460 1320 1724 1460 1356
1568 1580 1448 1568 1460 80 124 1568 1568 1568 1568 1568 1460 1460 1460 1460 1460 1460 1568 1568
1460 1568 1568 1580 1448 1568 1460 80 124 1568 1568 1568 1568 1568 1460 1460 1460 1460 1460 1460
1460 1460 1460 1460 1460 1460 1460 1460 1460 1460 1460 1460 1460 1460 1460 1568 1568 1460 1568 1568
1460 1568 1580 1448 1568 1460 80 124 1568 1568 1568 1568 1568 1580 1460 1448 1568 1460 1460 1460
1460 1460 1460 1460 1460 80 124 1568 1568 1568 1568 1460 1460 1460 1460 1460 1460 1568 1460 1460
1460 1568 1460 1568 1568 1568 1460 1460 1568 1568 1460 1460 1568 1568 1580 1448 1568 1460 80 124
1588 1588 1588 1588 1588 1588 1588 1588 1588 1588 1588 1588 1588 1588 1588 1588 1588 1588 1588 1588
1588 1588 1588 1588 1588 1588 1588 1588 1588 1588 1588 1588 1588 1588 1588 1588 1588 1588 1588 1588
1588 1588 1588 1588 1588 1588 1588 1588 1588 1588 1588 1588 1588 1588 1588 1588 1588 1588 1588 1588
1588 1588 1588 1588 1588 1588 1588 1588 1588 1588 1588 1588 1588 1588 1588 1588 1588 1588 1588 1588
1588 1588 1588 1588 1588 1588 1588 1588 1588 1588 1588 1588 1588 1588 1588 1588 1588 1588 1588 1588
1588 1588 1588 1588 1588 1588 1588 1588 1588 1588 1588 1588 1588 1588 1588 1588 1588 1588 1588 1588
1588 1588 1588 1588 1588 1588 1588 1588 1588 1588 1588 1588 1588 1588 1588 1588 1588 1588 1588 1588
1588 1588 1588 1588 1588 1588 1588 1588 1588 1588 1588 1588 1588 1588 1588 1588 1588 1588 1588 1588
1588 1588 1588 1588 1588 1588 1588 1588 1588 1588 1588 1588 1588 1588 1588 1588 1588 1588 1588 1588
1588 1588 1588 1588 1588 1588 1588 1588 1588 1588 1588 1588 1588 1588 1588 1588 1588 1588 1588 1588
1588 1588 1588 1588 1588 1588 1588 1588 1588 1588 1588 1588 1588 1588 1588 1588 1588 1588 1588 1588
1588 1588 1588 1588 1588 1588 1588 1588 1588 1588 1588 1588 1588 1588 1588 1588 1588 1588 1588 1588
1588 1588 1588 1588 1588 1588 1588 1588 1588 1588 1588 1588 1588 1588 1588 1588 1588 1588 1588 1588
1588 1588 1588 1588 1588 1588 1588 1588 1588 1588 1588 1588 1588 1588 1588 1588 1588 1588 1588 1588
1588 1588 1588 1588 1588 1588 1588 1588 1588 1588 1588 1588 1588 1588 1588 1588 1588 1588 1588 1588
1588 1588 1588 1588 1588 1588 1588 1588 1588 1588 1588 1588 1588 1588 1588 1588 1588 1588 1588 1588
1588 1588 1588 1588 1588 1588 1588 1588 1588 1588 1588 1588 1588 1588 1588 1588 1588 1588 1588 1588
1588 1588 1588 1588 1588 1588 1588 1588 1588 1588 1588 1588 1588 1588 1588 1588 1588 1588 1588 1588
1580 1448 1568 1917 1460 1448 1568 1568 1460 1568 1580 1448 1568 1616 1460 1320 1568 1724 1356 1568
1580 1448 1568 1580 1448 1568 1460 80 124 1568 1568 1568 1568 1460 80 124 1568 1568 1568 1568
1568 1568 1460 1460 1460 1460 1460 1460 1460 1460 1460 1460 1460 1460 1460 1460 80 80 1568 1460
1460 1568 1460 1568 1460 1460 1460 1460 1460 1460 1568 1568 1460 80 80 1568 1568 1568 1460 1568
1568 1580 1448 1568 1460 80 124 1568 1568 1568 1568 1580 1568 1448 1568 1460 1460 80 124 1568
1568 1568 1568 1460 1460 1460 1460 1460 1568 1568 1568 1460 1568 1568 1460 1460 1460 1460 1460 1460
1460 1460 1460 1460 1460 1460 1460 1460 1460 1460 1460 1460 1568 1568 1460 1460 1568 1568 1580 1448
1568 1460 80 124 1568 1568 1568 1568 1568 1568 1460 1568 1568 1580 1448 1568 1460 80 124 1568
1568 1568 1568 1568 1568 1460 1568 1568 1580 1448 1568 1460 80 124 1568 1568 1568 1568 1568 1568
1460 1568 1568 1580 1448 1568 1460 80 124 1568 1568 1568 1568 1568 1568 1460 1568 1568 1580 1448
1568 1460 80 124 1568 1568 1568 1568 1568 1568 1460 1568 1568 1580 1448 1568 1460 80 124 1568
1568 1568 1568 1568 1460 1460 1460 1460 1460 1460 1460 1460 1460 1460 1460 1460 1460 1460 1460 1460
1460 1460 1460 1460 1460 1568 1568 1460 1568 1568 1716 1460 1580 1448 1568 1460 80 124 1568 1568
1568 1568 1568 1380 1568 1460 1460 1460 1460 1460 1568 1460 1460 1460 1460 1460 1460 1460 1460 1460
1460 1460 1460 1460 1460 1460 1460 1460 1568 1460 1460 1568 1568 1580 1448 1568 1460 80 124 1568
1568 1568 1568 1568 1580 1460 1568 1448 1568 1917 1460 1460 1568 1568 1460 1447 1568 1568 1460 1568
1580 1448 1568 1616 1460 1320 1568 1724 1356 1568 1580 1448 1568 1460 80 124 1568 1568 1568 1568
1580 1448 1568 1917 1460 1447 1568 1568 1460 1568 1580 1448 1568 1616 1460 1320 1568 1724 1356 1568
1580 1448 1568 1460 80 124 1568 1568 1568 1568 1568 1460 1460 1460 1460 1460 1460 1460 1460 1460
1460 1460 1460 1460 1460 1460 1460 1460 1460 1568 1568 1460 1460 1568 1568 1580 1448 1568 1460 80
124 1568 1568 1568 1568 1568 1460 1460 1460 1460 1460 1460 1568 1568 1568 1460 1568 1568 1580 1448
1568 1460 80 124 1568 1568 1568 1568 1568 1460 1568 1460 1460 1568 1568 1460 1568 1580 1448 1568
1460 80 124 1568 1568 1568 1568 1568 1460 1460 1460 1460 1460 1460 1460 1460 1460 1460 1460 1460
1460 1460 1460 1460 1460 1460 1460 1460 1568 1568 1460 1568 1568 1716 1380 1568 1580 1448 1568 1460
80 124 1568 1568 1568 1568 1568 1460 1460 1460 1460 1460 1460 1460 1460 1460 1460 1460 1460 1460
1460 1460 1460 1460 1460 1460 1568 1460 1460 1568 1568 1580 1448 1568 1460 80 124 1568 1568 1568
1580 1448 1568 1917 1460 1446 1568 1568 1460 1568 1580 1448 1568 1616 1460 1320 1568 1724 1356 1568
1580 1448 1568 1460 80 124 1568 1568 1568 1568 1568 1460 1460 1460 1460 1460 1460 1568 1568 1460
1568 1568 1580 1448 1568 1460 80 124 1568 1568 1568 1568 1568 1460 1460 1460 1460 1460 1460 1460
1460 1460 1460 1460 1460 1460 1460 1460 1460 1460 1568 1568 1460 1460 1568 1568 1580 1448 1568 1460
80 124 1568 1568 1568 1568 1568 1460 1460 1460 1460 1460 1460 1460 1460 1460 1460 1460 1460 1460
1460 1460 1460 1460 1460 1460 1460 1460 1568 1568 1460 1568 1568 1716 1380 1568 1580 1448 1568 1460
80 124 1568 1568 1568 1568 1568 1460 1460 1460 1460 1460 1460 1568 1460 1460 1460 1460 1460 1460
1460 1460 1460 1460 1460 1460 1460 1568 1460 1460 1568 1568 1580 1448 1568 1460 80 124 1568 1568
1568 1568 1568 1580 1460 1448 1568 1568 1917 1460 1460 1568 1568 1460 1448 1568 1568 1460 1568 1580
1448 1568 1616 1460 1320 1568 1724 1356 1568 1580 1448 1568 1460 80 124 1568 1568 1568 1568 1568
1460 1460 1460 1460 1460 1460 1568 1568 1460 1460 1568 1568 1568 1580 1448 1568 1460 80 124 1568
1580 1448 1568 1917 1460 1447 1568 1568 1460 1568 1580 1448 1568 1616 1448 1580 1580 1448 1568 1460
80 124 1568 1568 1568 1568 1568 1460 1460 1460 1460 1460 1460 1460 1460 1460 1460 1460 1460 1460
1616 1460 1460 1460 2948 1448 1580 1448 1460 1568 1568 1460 1460 1568 1568 1448 1580 1616 1448 1580
1580 1448 1568 1460 80 124 1568 1568 1568 1568 1568 1460 1460 1460 1460 1460 1460 1460 1460 1460
1460 1460 1460 1460 1460 1460 1460 1460 1460 1460 1460 1460 1616 1460 1568 1568 1460 1460 1568 1568
1320 1568 1580 1448 1568 1917 1460 1448 1568 1568 1460 1568 1580 1448 1568 1616 1460 1320 1568 1724
1356 1568 1580 1448 1568 1460 80 124 1568 1568 1568 1568 1580 1568 1448 1568 1460 1460 1460 80
124 1460 1460 1460 1568 1568 1568 1568 1460 1460 1460 1460 1460 1568 1460 1460 1460 1460 1460 1460
1460 1568 1568 1568 1568 1580 1460 1460 1568 1568 1460 1568 1568 1448 1568 1460 80 124 1568 1568
1568 1568 1580 1448 1568 1568 1460 80 124 1568 1568 1568 1460 1460 1460 1460 1460 1460 1568 1568
1568 1460 1460 1460 1568 1568 1568 1568 1460 1460 1460 1568 1568 1568 1460 1568 1460 1568 1368 1568
1580 1448 1568 1917 1460 1447 1568 1568 1460 1568 1580 1448 1568 1616 1460 1320 1568 1724 1460 1580
1448 1568 1460 80 124 1568 1568 1568 1568 1320 1724 1568 1460 1356 1568 1460 1460 1460 1460 1460
1460 1460 1460 1460 1460 1460 1460 1460 1460 1460 1460 1460 1568 1568 1460 1460 1460 1568 1568 1568
1580 1448 1568 1460 80 124 1568 1568 1568 1568 1568 1460 1460 1460 1460 1460 1460 1568 1568 1460
1568 1568 1580 1448 1568 1460 80 124 1568 1568 1568 1568 1568 1568 1460 1568 1568 1580 1448 1568
1460 80 124 1568 1568 1568 1568 1568 1460 1460 1460 1460 1460 1460 1460 1460 1460 1460 1460 1460
1460 1460 1460 1460 1460 1460 1460 1460 1460 1568 1568 1460 1568 1568 1580 1448 1568 1460 80 124
1568 1568 1568 1568 1568 1460 1460 1460 1460 1716 1460 1380 1568 1460 1460 1460 1460 1460 1460 1460
1460 1460 1460 1460 1460 1460 1460 1460 1460 1568 1460 1460 1568 1568 1568 1580 1448 1568 1460 80
