235 539 552 725 551 136 368 134 599 552 235 539 552 580 551 235 539 134 599 47
71 154 134 154 134 134 599 298 136 298 136 298 136 298 136 298 136 298 136 551
551 134 599 298 136 136 368 134 599 154 134 516 552 621 551 518 552 235 539 552
551 47 71 154 134 154 134 134 599 298 136 298 136 136 368 134 599 154 134 554
547 134 599 47 71 154 134 154 134 134 599 134 599 551 154 134 235 539 134 599
47 71 154 134 154 134 134 599 298 136 298 136 298 136 298 136 298 136 298 136
298 136 298 136 298 136 136 368 134 599 154 134 617 551 522 552 235 539 134 599
47 71 154 134 154 134 552 134 599 298 136 298 136 298 136 298 136 298 136 551
298 136 298 136 298 136 298 136 298 136 298 136 298 136 551 154 134 134 599 551
154 134 235 539 134 599 47 71 154 134 154 134 134 599 134 599 551 154 134 554
235 539 552 725 551 136 368 134 599 552 235 539 552 580 551 516 552 621 518 554
134 599 134 599 47 71 154 134 154 134 134 599 298 136 298 136 298 136 298 136
298 136 298 136 298 136 551 136 368 134 599 551 154 134 235 539 134 599 47 71
154 134 154 134 134 599 298 136 298 136 136 368 134 599 552 134 599 552 235 539
134 599 47 71 154 134 154 134 134 599 298 136 298 136 298 136 298 136 298 136
298 136 298 136 298 136 298 136 551 136 368 134 599 154 134 235 539 134 599 47
71 154 134 154 134 134 599 298 136 298 136 298 136 617 298 136 522 134 599 551
298 136 298 136 298 136 551 134 599 154 134 235 539 134 599 47 71 154 134 552
552 134 599 552 134 599 551 154 134 235 539 134 599 47 71 154 134 154 134 552
235 539 552 725 551 136 368 134 599 552 235 539 552 580 551 516 552 621 551 554
547 134 599 47 71 154 134 154 134 134 599 298 136 298 136 298 136 298 136 551
298 136 298 136 298 136 551 136 368 516 552 621 551 518 552 134 599 551 154 134
235 539 134 599 47 71 154 134 154 134 134 599 298 136 298 136 136 368 134 599
154 134 235 539 134 599 47 71 154 134 154 134 134 599 134 599 136 368 134 599
552 235 539 134 599 47 71 154 134 154 134 134 599 298 136 298 136 298 136 551
298 136 298 136 298 136 298 136 298 136 136 368 134 599 154 134 617 522 154 134
547 134 599 47 71 154 134 154 134 134 599 298 136 298 136 298 136 298 136 551
298 136 298 136 298 136 298 136 551 134 599 551 154 134 235 539 134 599 47 71
235 539 552 725 551 136 368 134 599 552 235 539 552 580 551 516 552 621 551 554
547 134 599 47 71 154 134 154 134 134 599 298 136 298 136 298 136 298 136 551
298 136 298 136 298 136 136 368 516 621 551 134 599 551 154 134 518 552 235 539
134 599 47 71 154 134 154 134 134 599 298 136 298 136 136 368 134 599 136 368
552 235 539 134 599 47 71 154 134 154 134 134 599 298 136 298 136 298 136 551
298 136 298 136 298 136 298 136 298 136 298 136 551 136 368 134 599 154 134 617
551 522 154 134 235 539 134 599 134 599 47 71 154 134 552 134 599 47 71 552
154 134 154 134 134 599 552 134 599 136 368 134 599 298 136 298 136 298 136 551
298 136 298 136 298 136 298 136 551 134 599 551 154 134 235 539 134 599 47 71
235 539 552 725 551 136 368 134 599 552 235 539 552 580 551 516 552 621 518 554
134 599 134 599 47 71 154 134 154 134 134 599 298 136 298 136 298 136 298 136
298 136 298 136 298 136 551 136 368 134 599 551 154 134 235 539 134 599 47 71
154 134 154 134 134 599 298 136 298 136 136 368 134 599 551 154 134 552 235 539
134 599 47 71 154 134 154 134 134 599 298 136 298 136 298 136 298 136 298 136
298 136 298 136 298 136 298 136 551 136 368 134 599 154 134 235 539 134 599 47
71 154 134 154 134 552 617 522 134 599 298 136 298 136 298 136 298 136 298 136
298 136 298 136 298 136 298 136 551 134 599 154 134 235 539 552 658 554 134 599
468 468 71 344 154 134 552 134 599 552 716 527 552 175 551 47 71 154 134 552
134 599 365 552 134 599 552 572 552 134 599 537 136 368 134 599 136 368 134 599
235 539 552 725 551 136 368 134 599 552 235 539 552 580 551 516 552 621 518 552
235 539 552 235 539 134 599 47 71 154 134 552 134 599 47 71 154 134 154 134
552 134 599 298 136 298 136 298 136 298 136 298 136 298 136 298 136 551 134 599
134 599 298 136 551 136 368 134 599 298 136 468 468 154 134 134 599 154 134 554
547 134 599 47 71 154 134 154 134 554 134 599 134 599 551 47 71 154 134 552
134 599 298 136 298 136 154 134 134 599 552 134 599 298 136 298 136 298 136 551
298 136 298 136 298 136 298 136 551 136 368 134 599 154 134 235 539 134 599 47
71 154 134 154 134 134 599 134 599 551 154 134 235 539 134 599 47 71 154 134
154 134 134 599 298 136 298 136 298 136 298 136 298 136 298 136 298 136 298 136
298 136 298 136 298 136 136 368 134 599 154 134 617 551 235 539 134 599 47 71
154 134 154 134 552 522 134 599 551 134 599 298 136 298 136 298 136 298 136 551
298 136 298 136 298 136 298 136 298 136 134 599 154 134 235 539 134 599 47 71
235 539 552 725 551 136 368 134 599 552 235 539 552 580 551 235 539 134 599 47
71 154 134 154 134 134 599 298 136 298 136 298 136 298 136 298 136 298 136 551
298 136 551 136 368 134 599 154 134 516 552 621 551 518 552 235 539 134 599 47
71 154 134 154 134 134 599 298 136 298 136 551 134 599 154 134 235 539 134 599
47 71 154 134 154 134 552 134 599 552 134 599 552 235 539 134 599 47 71 552
154 134 552 134 599 298 136 298 136 298 136 298 136 298 136 298 136 298 136 551
298 136 298 136 298 136 136 368 134 599 154 134 617 522 552 235 539 134 599 47
71 154 134 154 134 134 599 298 136 298 136 298 136 298 136 298 136 298 136 551
298 136 298 136 298 136 134 599 551 154 134 235 539 134 599 47 71 154 134 552
235 539 552 725 551 136 368 134 599 552 235 539 552 580 551 516 552 621 518 552
554 235 539 134 599 134 599 47 71 154 134 552 134 599 47 71 154 134 154 134
552 134 599 298 136 298 136 298 136 298 136 298 136 298 136 136 368 134 599 551
298 136 298 136 136 368 134 599 298 136 468 468 154 134 134 599 154 134 235 539
552 658 551 468 468 71 344 154 134 154 134 716 554 527 552 672 439 547 134 599
439 439 439 551 47 71 154 134 552 134 599 439 439 144 298 136 298 136 154 468
520 552 572 134 599 551 537 136 368 134 599 298 136 298 136 298 136 298 136 551
298 136 298 136 298 136 136 368 134 599 154 134 235 539 134 599 47 71 154 134
154 134 134 599 134 599 551 154 134 235 539 134 599 47 71 154 134 154 134 552
298 136 298 136 298 136 298 136 298 136 298 136 298 136 298 136 298 136 298 136
136 368 134 599 154 134 617 522 552 235 539 134 599 47 71 154 134 154 134 552
134 599 298 136 298 136 298 136 298 136 298 136 298 136 298 136 298 136 298 136
298 136 298 136 298 136 298 136 551 154 134 134 599 551 154 134 235 539 134 599
47 71 154 134 154 134 134 599 134 599 551 154 134 235 539 134 599 47 71 552
235 539 552 725 551 136 368 134 599 552 235 539 552 580 551 554 516 552 621 547
134 599 518 134 599 47 71 154 134 154 134 134 599 298 136 298 136 551 134 599
298 136 547 134 599 298 136 298 136 298 136 47 71 154 134 552 134 599 136 368
134 599 298 136 298 136 551 154 134 134 599 298 136 154 134 552 134 599 136 368
552 235 539 134 599 47 71 154 134 154 134 134 599 134 599 136 368 134 599 552
235 539 134 599 47 71 154 134 154 134 134 599 298 136 298 136 298 136 298 136
298 136 617 298 136 522 134 599 298 136 298 136 298 136 298 136 136 368 134 599
154 134 235 539 134 599 47 71 154 134 154 134 552 134 599 298 136 298 136 551
298 136 298 136 298 136 298 136 298 136 298 136 298 136 298 136 298 136 298 136
298 136 298 136 154 134 134 599 551 154 134 235 539 134 599 47 71 154 134 552
552 134 599 134 599 551 154 134 235 539 134 599 47 71 154 134 154 134 134 599
235 539 552 725 551 136 368 134 599 552 235 539 552 235 539 554 235 539 134 599
47 71 154 134 154 134 134 599 298 136 298 136 298 136 298 136 298 136 298 136
298 136 298 136 136 368 580 551 516 552 621 134 599 551 154 134 518 552 235 539
134 599 154 468 71 154 134 552 134 599 298 136 298 136 551 134 599 154 134 554
547 134 599 47 71 154 134 154 134 134 599 134 599 551 154 134 235 539 134 599
47 71 154 134 154 134 134 599 298 136 298 136 298 136 298 136 298 136 298 136
298 136 298 136 298 136 298 136 136 368 134 599 154 134 617 522 552 235 539 552
551 47 71 154 134 154 134 552 134 599 298 136 298 136 298 136 298 136 298 136
298 136 298 136 298 136 298 136 298 136 298 136 298 136 298 136 298 136 154 134
134 599 551 154 134 235 539 134 599 47 71 154 134 154 134 134 599 134 599 551
154 134 235 539 134 599 47 71 154 134 154 134 134 599 134 599 551 154 134 554
547 134 599 47 71 154 134 154 134 134 599 134 599 551 154 134 235 539 134 599
47 71 154 134 154 134 134 599 134 599 551 154 134 235 539 134 599 47 71 552
154 134 552 134 599 134 599 551 154 134 235 539 134 599 47 71 154 134 154 134
134 599 134 599 551 154 134 235 539 134 599 47 71 154 134 154 134 134 599 552
298 136 154 134 235 539 134 599 47 71 154 134 154 134 134 599 134 599 136 368
551 235 539 552 725 551 136 368 134 599 154 134 235 539 134 599 552 580 551 47
71 552 134 599 516 154 134 552 621 551 134 599 298 136 298 136 298 136 298 136
298 136 298 136 298 136 551 136 368 134 599 551 154 134 516 621 551 518 154 134
136 368 658 551 468 468 71 344 154 134 154 134 716 527 552 672 439 551 439 439
439 551 439 439 144 298 136 298 136 47 520 552 572 552 537 551 154 134 235 539
134 599 47 71 154 134 154 134 134 599 134 599 551 154 134 235 539 134 599 47
71 154 134 154 134 134 599 298 136 298 136 298 136 298 136 298 136 298 136 551
298 136 298 136 298 136 298 136 136 368 134 599 154 134 617 522 552 235 539 552
551 47 71 154 134 154 134 552 134 599 298 136 298 136 298 136 298 136 298 136
298 136 298 136 298 136 298 136 298 136 298 136 298 136 298 136 298 136 298 136
154 134 134 599 551 154 134 235 539 134 599 47 71 154 134 154 134 134 599 552
298 136 154 134 235 539 134 599 47 71 154 134 154 134 134 599 134 599 136 368
235 539 552 725 551 136 368 134 599 552 235 539 552 580 551 516 552 621 554 518
134 599 134 599 47 71 154 134 154 134 134 599 298 136 298 136 298 136 298 136
298 136 298 136 298 136 298 136 136 368 134 599 551 154 134 235 539 134 599 47
71 154 134 154 134 134 599 298 136 298 136 298 136 551 136 368 134 599 154 134
235 539 134 599 47 71 154 134 154 134 552 134 599 154 134 235 539 134 599 47
71 154 134 154 134 552 134 599 154 134 235 539 134 599 47 71 154 134 154 134
552 134 599 154 134 235 539 134 599 47 71 154 134 154 134 552 134 599 154 134
235 539 552 134 599 47 71 547 154 134 154 134 134 599 47 71 154 134 154 134
154 134 134 599 136 368 134 599 298 136 298 136 298 136 298 136 298 136 298 136
298 136 298 136 298 136 298 136 136 368 134 599 154 134 617 551 235 539 134 599
47 71 154 134 154 134 134 599 298 136 522 298 136 134 599 298 136 298 136 551
298 136 298 136 298 136 298 136 298 136 551 134 599 551 154 134 235 539 134 599
235 539 552 725 551 136 368 134 599 552 235 539 552 580 551 516 552 621 518 552
235 539 134 599 47 71 154 134 154 134 134 599 298 136 298 136 298 136 298 136
298 136 298 136 298 136 551 136 368 235 539 134 599 47 71 154 134 154 134 552
298 136 154 134 134 599 298 136 298 136 136 368 134 599 154 134 235 539 134 599
47 71 154 134 154 134 134 599 134 599 136 368 134 599 552 235 539 134 599 47
71 154 134 154 134 134 599 298 136 298 136 298 136 298 136 298 136 298 136 551
298 136 298 136 298 136 136 368 134 599 154 134 235 539 134 599 47 71 154 134
154 134 134 599 298 136 298 136 298 136 298 136 298 136 298 136 298 136 298 136
134 599 551 154 134 235 539 134 599 47 71 154 134 154 134 134 599 134 599 551
235 539 552 725 551 136 368 134 599 552 235 539 552 580 551 235 539 134 599 47
71 154 134 154 134 134 599 298 136 298 136 298 136 298 136 298 136 298 136 551
298 136 516 552 621 551 134 599 134 599 551 154 134 516 621 551 516 621 551 518
552 235 539 134 599 47 71 154 134 154 134 134 599 298 136 298 136 551 154 134
551 154 134 235 539 134 599 47 71 154 134 154 134 134 599 298 136 298 136 551
298 136 298 136 298 136 298 136 298 136 298 136 298 136 136 368 134 599 154 134
136 368 235 539 134 599 47 71 154 134 154 134 552 134 599 547 134 599 298 136
298 136 298 136 551 47 71 154 134 552 134 599 298 136 298 136 551 134 599 551
551 134 599 154 134 134 599 136 368 134 599 551 154 134 235 539 134 599 47 71
558 558 558 558 558 558 558 558 558 558 558 558 558 558 558 558 558 558 558 558
558 558 558 558 558 558 558 558 558 558 558 558 558 558 558 558 558 558 558 558
558 558 558 558 558 558 558 558 558 558 558 558 558 558 558 558 558 558 558 558
558 558 558 558 558 558 558 558 558 558 558 558 558 558 558 558 558 558 558 558
558 558 558 558 558 558 558 558 558 558 558 558 558 558 558 558 558 558 558 558
558 558 558 558 558 558 558 558 558 558 558 558 558 558 558 558 558 558 558 558
558 558 558 558 558 558 558 558 558 558 558 558 558 558 558 558 558 558 558 558
558 558 558 558 558 558 558 558 558 558 558 558 558 558 558 558 558 558 558 558
558 558 558 558 558 558 558 558 558 558 558 558 558 558 558 558 558 558 558 558
558 558 558 558 558 558 558 558 558 558 558 558 558 558 558 558 558 558 558 558
558 558 558 558 558 558 558 558 558 558 558 558 558 558 558 558 558 558 558 558
558 558 558 558 558 558 558 558 558 558 558 558 558 558 558 558 558 558 558 558
558 558 558 558 558 558 558 558 558 558 558 558 558 558 558 558 558 558 558 558
558 558 558 558 558 558 558 558 558 558 558 558 558 558 558 558 558 558 558 558
558 558 558 558 558 558 558 558 558 558 558 558 558 558 558 558 558 558 558 558
558 558 558 558 558 558 558 558 558 558 558 558 558 558 558 558 558 558 558 558
558 558 558 558 558 558 558 558 558 558 558 558 558 558 558 558 558 558 558 558
558 558 558 558 558 558 558 558 558 558 558 558 558 558 558 558 558 558 558 558
235 539 552 725 551 136 368 134 599 552 235 539 552 580 551 516 552 621 518 552
235 539 552 235 539 134 599 47 71 154 134 552 134 599 47 71 154 134 154 134
552 134 599 298 136 298 136 298 136 298 136 298 136 298 136 551 468 468 134 599
551 134 599 134 599 298 136 298 136 136 368 134 599 468 468 154 134 134 599 552
552 235 539 134 599 47 71 154 134 154 134 554 134 599 134 599 551 47 71 552
154 134 134 599 298 136 298 136 154 134 134 599 552 134 599 298 136 298 136 551
298 136 298 136 298 136 298 136 298 136 551 136 368 134 599 551 154 134 235 539
134 599 47 71 154 134 154 134 552 134 599 154 134 235 539 134 599 47 71 552
154 134 154 134 134 599 154 134 235 539 134 599 47 71 154 134 154 134 154 134
551 154 134 235 539 134 599 47 71 154 134 154 134 552 134 599 154 134 235 539
134 599 47 71 154 134 154 134 552 134 599 154 134 235 539 134 599 47 71 552
154 134 552 134 599 298 136 298 136 298 136 298 136 298 136 298 136 298 136 551
298 136 298 136 136 368 134 599 154 134 617 551 235 539 134 599 47 71 154 134
154 134 552 522 134 599 298 136 298 136 134 599 298 136 298 136 298 136 298 136
298 136 298 136 298 136 298 136 134 599 551 154 134 235 539 134 599 47 71 552
154 134 154 134 134 599 134 599 552 725 551 136 368 134 599 136 368 134 599 552
235 539 552 580 551 516 552 621 518 552 235 539 134 599 47 71 154 134 154 134
235 539 552 725 551 136 368 134 599 552 235 539 552 580 551 516 552 621 518 552
235 539 134 599 47 71 154 134 154 134 134 599 298 136 298 136 298 136 298 136
298 136 298 136 298 136 298 136 136 368 134 599 551 154 134 235 539 134 599 47
71 154 134 154 134 134 599 298 136 298 136 551 154 134 134 599 154 134 235 539
134 599 47 71 154 134 154 134 134 599 134 599 136 368 134 599 552 235 539 552
551 47 71 154 134 154 134 134 599 298 136 298 136 298 136 298 136 298 136 551
298 136 298 136 298 136 551 136 368 134 599 154 134 617 522 552 235 539 134 599
47 71 154 134 154 134 134 599 298 136 298 136 298 136 298 136 298 136 298 136
298 136 298 136 298 136 134 599 551 154 134 235 539 134 599 47 71 154 134 552
235 539 552 725 551 136 368 134 599 552 235 539 552 580 551 516 552 621 518 552
235 539 134 599 47 71 154 134 154 134 134 599 298 136 298 136 136 368 134 599
154 134 235 539 134 599 47 71 154 134 154 134 134 599 298 136 298 136 298 136
298 136 298 136 298 136 298 136 551 136 368 134 599 551 154 134 235 539 134 599
47 71 154 134 154 134 134 599 298 136 298 136 298 136 298 136 298 136 298 136
298 136 298 136 298 136 551 136 368 134 599 154 134 617 522 552 235 539 134 599
47 71 154 134 154 134 134 599 298 136 298 136 551 134 599 298 136 298 136 551
298 136 298 136 298 136 551 134 599 551 154 134 235 539 134 599 47 71 154 134
154 134 552 134 599 547 154 134 725 551 136 368 134 599 136 368 134 599 154 134
136 368 580 551 516 552 621 518 552 235 539 134 599 47 71 154 134 154 134 552
298 136 298 136 551 136 368 134 599 551 154 134 552 235 539 134 599 47 71 552
235 539 552 725 551 136 368 134 599 552 235 539 552 235 539 554 235 539 134 599
47 71 154 134 154 134 134 599 298 136 298 136 298 136 298 136 298 136 298 136
580 298 136 551 439 547 235 539 136 368 134 599 551 154 134 539 259 235 539 554
235 539 134 599 47 71 154 134 154 134 134 599 298 136 298 136 298 136 298 136
298 136 298 136 298 136 298 136 298 136 298 136 580 136 368 134 599 551 154 134
516 552 235 539 552 725 551 136 368 134 599 552 235 539 552 580 551 516 552 621
518 552 235 539 134 599 47 71 154 134 154 134 554 134 599 134 599 298 136 47
71 298 136 551 154 134 552 134 599 298 136 298 136 134 599 298 136 298 136 551
551 154 134 154 134 134 599 136 368 134 599 552 134 599 134 599 47 71 154 134
154 134 235 539 552 134 599 47 71 154 134 134 599 298 136 298 136 551 154 134
134 599 298 136 154 134 552 134 599 298 136 154 134 134 599 134 599 552 521 552
235 539 552 725 551 136 368 134 599 552 235 539 552 580 551 516 552 621 551 554
547 134 599 47 71 154 134 154 134 516 621 134 599 518 134 599 298 136 298 136
298 136 298 136 298 136 298 136 298 136 551 136 368 134 599 298 136 154 134 552
235 539 134 599 47 71 154 134 154 134 134 599 298 136 298 136 136 368 134 599
154 134 235 539 134 599 47 71 154 134 154 134 552 134 599 154 134 235 539 552
551 47 71 154 134 154 134 134 599 298 136 298 136 298 136 298 136 298 136 551
298 136 298 136 298 136 298 136 136 368 134 599 154 134 235 539 134 599 47 71
154 134 154 134 134 599 298 136 551 617 551 522 134 599 298 136 298 136 298 136
298 136 298 136 298 136 298 136 551 134 599 551 154 134 552 235 539 134 599 47
