226 669 554 618 547 394 554 235 539 515 640 545 235 539 47 515 640 554 235 539
515 640 515 640 545 235 539 47 515 640 554 235 539 539 259 545 235 539 47 554
515 640 515 640 235 539 552 134 599 515 640 558 235 539 552 35 247 632 551 47
154 134 154 134 552 134 599 502 547 515 640 554 154 134 552 134 599 136 368 558
547 134 599 47 154 134 154 134 154 134 529 134 599 551 226 669 554 686 547 459
539 259 235 539 235 539 552 626 551 470 468 468 47 154 134 154 134 468 468 47
468 468 552 468 468 468 468 468 468 154 134 154 134 154 134 552 468 468 468 154
468 468 468 468 468 468 154 134 552 468 468 468 468 154 134 552 468 468 468 468
468 468 468 468 468 468 552 468 468 154 134 154 134 552 468 154 468 468 468 468
552 468 468 468 468 552 468 468 468 468 154 134 154 134 468 154 468 468 468 468
552 468 468 154 134 468 468 468 468 468 468 154 134 552 468 154 468 468 468 468
468 468 154 134 552 468 468 468 468 468 468 154 134 552 468 468 468 154 468 468
468 468 154 134 468 468 468 468 468 468 154 134 154 134 468 468 552 468 468 47
47 154 134 468 468 468 468 468 468 154 134 552 468 154 468 468 468 468 468 154
47 154 134 468 468 468 468 552 468 468 154 134 468 154 468 468 552 468 468 47
47 154 134 468 468 552 468 468 468 468 154 134 468 154 468 468 552 468 468 47
468 154 468 468 154 134 468 468 468 468 154 134 468 468 468 154 468 468 154 468
468 468 47 154 134 468 468 468 468 154 134 552 468 468 552 468 468 552 468 468
468 468 154 134 468 468 468 468 154 134 468 154 468 468 552 468 468 552 468 468
468 468 552 468 468 552 468 468 154 134 468 154 468 468 552 253 134 599 136 368
551 154 134 134 599 551 154 134 154 134 226 669 235 539 47 515 640 554 235 539
515 640 515 640 545 235 539 235 539 547 515 640 235 539 134 599 47 154 134 552
154 134 552 525 515 640 298 136 134 599 552 134 599 551 134 599 552 134 599 551
226 669 554 618 547 394 554 235 539 515 640 545 235 539 47 515 640 554 235 539
515 640 515 640 545 235 539 47 515 640 554 235 539 539 259 235 539 154 134 558
545 235 539 47 515 640 554 235 539 515 640 235 539 134 599 47 154 134 154 134
154 134 529 515 640 551 558 154 134 235 539 552 35 247 632 551 47 154 134 552
154 134 134 599 502 547 515 640 554 154 134 134 599 547 551 226 669 554 686 547
459 539 259 235 539 235 539 552 626 551 59 59 59 59 59 154 134 154 134 552
59 59 59 59 59 59 59 59 59 59 59 59 154 134 154 134 154 134 552 59
59 59 59 59 59 552 59 59 59 59 154 134 154 134 59 59 552 59 59 59
59 552 59 59 552 59 59 59 59 154 134 552 59 59 552 59 59 59 59 59
59 154 134 59 59 59 59 154 134 552 59 59 552 59 59 59 59 154 134 59
59 59 59 59 59 154 134 552 59 59 552 59 59 59 59 154 134 59 59 59
59 59 59 154 134 552 59 59 552 59 59 59 59 552 59 59 59 59 552 59
59 154 134 552 59 59 134 599 552 59 59 552 59 59 552 59 59 59 59 59
552 59 154 134 59 59 134 599 552 59 59 552 59 59 552 59 59 552 59 59
59 59 154 134 59 59 552 59 59 552 59 59 552 59 59 59 59 59 59 552
154 134 59 59 552 59 59 552 59 59 552 59 59 552 59 59 59 59 154 134
59 59 552 59 59 552 59 59 552 59 59 552 59 59 59 59 154 134 59 59
552 59 59 552 59 59 552 59 59 552 59 59 59 59 154 134 59 59 552 59
59 59 59 154 134 59 59 552 59 59 59 59 154 134 59 59 552 59 59 59
59 154 134 59 59 552 59 59 552 59 59 552 59 59 552 59 282 552 134 599
552 134 599 134 599 154 134 552 226 669 235 539 47 515 640 515 640 226 669 554
547 235 539 539 539 515 640 515 640 554 235 539 134 599 47 154 134 154 134 552
552 525 515 640 298 136 134 599 552 134 599 551 134 599 552 134 599 551 154 134
226 669 554 618 547 394 554 235 539 515 640 545 235 539 47 515 640 554 235 539
515 640 515 640 545 235 539 47 515 640 554 235 539 547 515 640 235 539 545 552
552 235 539 47 515 640 554 235 539 515 640 235 539 134 599 47 154 134 154 134
154 134 226 669 554 632 154 134 134 599 502 547 515 640 134 599 539 259 35 247
686 547 459 539 259 235 539 154 134 235 539 134 599 47 154 134 154 134 154 134
529 134 599 551 235 539 552 626 551 59 59 59 59 59 154 134 154 134 552 59
59 59 59 59 59 59 59 59 59 59 59 154 134 154 134 154 134 552 59 59
552 59 59 59 59 59 59 552 59 59 154 134 552 59 59 552 59 59 552 59
59 59 59 552 59 59 552 59 59 154 134 59 59 552 59 59 552 59 59 59
59 552 59 552 59 59 59 154 134 59 59 552 59 59 552 59 59 59 59 59
59 59 59 154 134 154 134 59 59 552 59 59 552 59 59 552 59 59 59 59
59 59 154 134 552 59 59 552 59 59 552 59 59 552 59 59 59 59 59 59
154 134 552 59 59 552 59 59 552 59 59 552 59 59 552 59 59 59 59 552
552 59 59 552 59 59 552 59 59 552 59 59 552 59 59 59 59 154 134 59
59 552 59 59 552 59 59 552 59 59 552 59 59 59 59 154 134 59 59 552
59 59 552 59 59 552 59 59 552 59 59 59 59 154 134 59 59 552 59 59
552 59 59 552 59 59 552 59 59 59 59 154 134 59 59 552 59 59 552 59
59 552 59 59 552 59 59 59 59 154 134 59 59 552 59 59 552 59 59 552
59 59 552 59 59 59 59 154 134 59 59 552 59 59 552 59 59 552 59 59
552 59 59 59 59 154 134 59 59 552 59 282 552 134 599 551 134 599 154 134
134 599 551 154 134 154 134 226 669 235 539 47 515 640 554 235 539 515 640 554
226 669 235 539 235 539 547 515 640 235 539 134 599 47 154 134 154 134 154 134
226 669 554 618 547 394 554 235 539 515 640 545 235 539 47 515 640 554 235 539
515 640 515 640 545 235 539 47 515 640 515 640 226 669 235 539 47 515 640 554
558 235 539 539 539 35 247 632 539 648 547 515 640 515 640 235 539 154 134 554
235 539 235 539 134 599 47 154 134 154 134 154 134 154 134 552 134 599 226 669
554 693 547 459 539 259 154 134 235 539 552 235 539 551 47 154 134 154 134 552
552 529 134 599 551 235 539 552 626 551 59 59 59 59 59 154 134 154 134 552
59 59 59 59 59 59 59 59 154 134 154 134 552 59 59 59 59 59 59 59
59 154 134 154 134 59 59 552 59 59 552 59 59 59 59 59 59 154 134 552
59 59 552 59 59 552 59 59 59 59 59 59 154 134 552 59 59 552 59 59
552 59 59 59 59 59 59 154 134 552 59 59 552 59 59 552 59 59 59 59
552 59 59 154 134 59 59 552 59 59 59 59 154 134 59 59 552 59 59 59
59 154 134 59 59 552 59 59 59 59 154 134 59 59 552 59 59 59 59 552
552 59 59 552 59 59 59 59 154 134 59 59 552 59 59 59 59 154 134 59
59 552 59 59 59 59 59 59 154 134 552 59 59 59 59 154 134 59 59 552
59 59 59 59 59 59 154 134 552 59 59 59 59 154 134 59 59 552 59 59
59 59 552 59 59 552 59 59 59 552 59 154 134 59 59 552 59 59 59 59
154 134 59 59 59 59 59 59 154 134 552 59 59 552 59 59 59 59 552 59
59 154 134 59 59 59 59 154 134 59 59 552 59 59 59 59 552 59 59 552
59 59 552 59 59 154 134 59 59 552 59 59 552 59 59 59 59 154 134 59
59 59 59 154 134 59 59 552 59 59 552 59 282 552 134 599 551 154 134 552
551 134 599 154 134 552 226 669 235 539 47 515 640 554 235 539 226 669 235 539
515 640 554 235 539 547 515 640 235 539 134 599 47 154 134 154 134 154 134 525
226 669 554 618 547 394 554 235 539 515 640 545 235 539 47 515 640 554 235 539
515 640 515 640 545 235 539 47 515 640 554 235 539 539 259 235 539 154 134 558
545 235 539 47 515 640 554 235 539 515 640 235 539 134 599 47 154 134 154 134
154 134 529 515 640 551 226 669 554 632 539 648 539 259 235 539 154 134 235 539
134 599 47 154 134 154 134 154 134 529 134 599 551 226 669 554 684 547 459 547
554 235 539 235 539 552 626 551 470 468 468 47 154 134 154 134 470 554 468 468
468 154 468 154 47 154 134 552 468 468 552 468 468 468 468 154 134 468 468 552
468 468 468 468 154 134 468 468 552 468 468 468 468 47 154 134 552 468 468 552
468 468 468 468 154 134 468 154 468 468 552 468 468 468 468 154 134 468 468 552
468 468 552 468 468 468 468 154 134 468 468 552 468 468 552 468 468 468 468 552
552 468 468 552 468 468 468 154 468 468 552 468 468 154 134 468 468 552 468 468
552 468 468 552 468 468 552 468 468 47 154 134 468 468 552 468 468 468 154 47
47 154 134 468 468 552 468 468 468 154 468 468 552 468 468 154 134 468 468 47
154 134 468 468 552 468 468 552 468 468 468 154 468 154 468 468 552 468 154 47
468 154 468 468 552 468 468 552 468 468 552 468 468 134 599 134 599 552 468 468
468 154 468 468 552 468 468 47 154 134 468 468 552 468 468 552 468 468 154 468
468 154 468 468 468 468 154 134 468 468 552 468 468 552 468 468 552 468 468 552
468 468 468 468 154 134 468 468 468 154 468 468 154 134 468 468 552 468 468 552
468 468 468 468 154 134 468 468 552 468 468 552 468 154 468 468 552 468 468 552
468 468 468 468 154 134 468 468 552 468 468 552 468 468 468 154 468 468 552 253
552 134 599 552 134 599 551 154 134 154 134 226 669 235 539 47 515 640 515 640
226 669 235 539 235 539 539 539 515 640 515 640 554 235 539 134 599 47 154 134
226 669 554 618 547 394 554 235 539 515 640 545 235 539 47 515 640 554 235 539
515 640 515 640 545 235 539 47 515 640 554 235 539 539 259 235 539 154 134 558
545 235 539 47 515 640 554 235 539 558 515 640 235 539 552 35 247 632 551 47
154 134 154 134 552 134 599 502 547 515 640 554 529 515 640 298 136 154 134 558
547 134 599 47 154 134 154 134 154 134 529 134 599 551 226 669 554 687 547 459
539 259 235 539 235 539 552 626 551 470 468 468 47 154 134 154 134 468 468 552
552 468 468 47 154 134 468 468 468 468 468 468 154 134 154 134 468 468 468 468
154 134 468 468 468 154 468 468 552 468 468 468 468 154 134 552 468 468 468 468
154 134 468 468 552 468 468 552 468 468 552 468 468 552 468 154 468 468 468 468
552 468 468 552 468 468 468 468 468 468 154 134 154 134 468 154 468 468 468 468
154 134 468 468 552 468 468 468 468 468 468 154 134 552 468 154 468 468 468 468
154 134 468 468 552 468 468 552 468 468 552 468 468 552 468 468 468 468 468 154
552 468 468 552 468 468 468 468 552 468 468 154 134 552 468 468 468 468 468 468
154 134 468 468 552 468 154 468 154 468 468 552 468 154 468 468 552 468 468 47
468 468 552 468 468 47 154 134 468 468 154 134 468 154 468 468 552 468 468 552
468 468 468 468 154 134 468 468 468 468 154 134 468 154 468 468 552 468 468 552
468 468 552 468 468 552 468 468 552 468 468 552 468 468 468 154 468 468 154 468
468 154 468 468 552 468 468 552 468 468 154 134 468 468 552 468 468 552 468 468
468 468 468 468 154 134 552 468 468 552 468 154 468 468 552 468 468 552 468 468
468 468 552 468 468 154 134 468 468 552 468 154 468 468 552 253 134 599 134 599
134 599 552 134 599 551 154 134 154 134 226 669 235 539 47 515 640 554 235 539
515 640 515 640 545 235 539 235 539 547 515 640 235 539 134 599 47 154 134 552
226 669 554 618 547 394 554 235 539 515 640 545 235 539 47 515 640 554 235 539
515 640 515 640 545 235 539 47 515 640 554 235 539 539 259 235 539 154 134 558
545 235 539 47 515 640 554 235 539 558 515 640 235 539 552 35 247 632 551 47
154 134 154 134 552 134 599 502 547 515 640 554 529 515 640 551 539 259 35 247
684 547 459 539 259 235 539 235 539 552 626 551 470 468 468 47 154 134 154 134
468 468 468 468 468 468 468 468 154 134 552 468 468 47 154 134 154 134 154 468
468 468 468 468 468 154 47 154 134 468 468 552 468 468 552 468 468 154 134 47
468 468 468 468 468 154 468 468 552 468 468 468 468 154 134 154 134 468 154 47
468 468 468 154 468 468 468 468 552 468 468 468 468 154 134 154 134 468 154 47
468 154 468 468 552 468 468 468 468 468 468 468 468 154 134 154 134 468 154 47
468 154 468 468 552 468 468 468 468 468 468 154 134 468 468 154 134 468 468 47
552 468 468 552 468 468 468 468 154 134 468 468 552 468 468 552 134 599 154 468
468 154 468 468 552 468 468 468 468 552 468 468 468 468 154 134 552 468 154 47
468 154 468 468 552 468 468 468 468 468 468 468 468 154 134 154 134 468 154 47
468 154 468 468 552 468 468 552 468 468 468 468 552 468 468 154 134 468 154 47
468 154 468 468 552 468 468 552 468 468 552 468 468 468 468 154 134 468 468 47
552 468 468 552 468 468 468 468 154 134 468 468 468 468 154 134 552 468 468 552
468 468 552 468 468 468 468 552 468 468 468 468 154 134 552 468 154 468 468 552
468 468 552 468 468 468 154 468 154 468 468 468 468 154 134 468 154 468 468 552
253 134 599 134 599 154 134 226 669 235 539 47 515 640 554 235 539 515 640 554
226 669 235 539 235 539 547 515 640 235 539 134 599 47 154 134 154 134 154 134
533 515 640 298 136 134 599 552 134 599 551 134 599 552 134 599 551 134 599 552
226 669 554 618 547 394 554 235 539 515 640 545 235 539 47 515 640 554 235 539
515 640 515 640 545 235 539 47 515 640 554 235 539 539 259 235 539 154 134 558
545 235 539 47 515 640 554 235 539 226 669 554 632 515 640 235 539 134 599 47
547 154 134 154 134 154 134 502 539 259 235 539 154 134 552 134 599 226 669 554
693 547 459 539 259 235 539 154 134 235 539 134 599 47 154 134 154 134 154 134
529 134 599 551 235 539 552 626 551 470 468 468 47 154 134 154 134 468 468 552
468 468 468 468 468 468 468 468 47 154 134 154 134 154 134 552 468 468 468 154
468 468 468 468 468 468 552 468 468 468 468 154 134 154 134 552 468 468 154 468
468 154 468 468 468 468 468 468 468 468 154 134 154 134 468 154 468 468 154 468
468 154 468 468 468 468 468 468 468 468 154 134 154 134 468 154 468 468 154 468
468 154 468 468 468 468 468 468 552 468 468 154 134 552 468 468 47 154 134 47
468 154 468 468 468 468 154 134 468 468 468 468 154 134 468 468 468 154 468 468
552 468 468 552 468 468 468 468 468 468 154 134 154 134 468 468 552 468 468 552
468 468 552 468 468 468 468 154 134 468 468 552 468 154 468 468 552 468 468 552
468 468 552 468 468 468 468 154 134 468 468 552 468 468 468 154 468 468 154 468
468 154 468 468 468 468 154 134 468 468 154 134 468 468 552 468 468 552 468 468
552 468 468 552 468 468 552 468 468 552 468 154 468 468 552 468 468 552 468 468
552 468 468 552 468 468 552 468 468 552 468 468 468 154 468 468 552 468 468 552
468 468 468 468 154 134 468 468 154 134 468 468 552 468 468 552 468 468 154 468
468 468 47 154 134 468 468 552 468 154 468 468 154 468 253 552 134 599 154 134
298 136 154 134 154 134 226 669 235 539 47 515 640 554 235 539 515 640 515 640
545 235 539 235 539 547 515 640 235 539 134 599 47 154 134 154 134 154 134 533
226 669 554 618 547 394 554 235 539 515 640 545 235 539 47 515 640 554 235 539
515 640 515 640 545 235 539 47 515 640 554 235 539 539 259 235 539 154 134 558
545 235 539 47 515 640 554 235 539 226 669 554 632 539 648 547 515 640 515 640
235 539 134 599 47 154 134 154 134 552 134 599 154 134 552 134 599 226 669 554
694 547 459 539 259 235 539 154 134 235 539 134 599 47 154 134 154 134 154 134
529 134 599 551 235 539 552 626 551 470 468 468 47 154 134 154 134 468 468 47
468 468 468 468 468 154 468 468 47 154 134 154 134 154 134 552 468 468 468 468
468 468 154 134 552 468 468 468 468 468 468 47 154 134 154 134 468 468 468 468
468 468 154 134 552 468 468 552 468 468 552 468 468 552 468 154 468 468 468 468
552 468 468 154 134 468 468 552 468 468 468 468 154 134 468 154 468 468 468 468
468 468 154 134 552 468 468 552 468 468 468 468 154 134 468 468 468 468 468 154
468 468 154 134 468 468 552 468 468 468 468 154 134 552 468 468 468 468 468 468
552 468 468 154 134 552 468 468 468 468 154 134 468 154 468 468 468 468 468 468
154 134 468 468 154 134 468 468 468 468 154 134 468 154 468 468 468 468 468 468
468 468 154 134 154 134 468 468 468 468 154 134 468 468 468 468 468 468 468 468
468 468 468 468 47 154 134 154 134 154 134 552 468 468 468 468 468 468 468 468
468 468 468 468 154 134 154 134 154 134 468 154 468 468 468 468 468 468 154 468
468 154 468 468 552 468 468 154 134 552 468 154 468 468 468 468 468 468 154 468
468 468 468 154 468 468 154 134 154 134 468 154 468 468 468 154 468 468 468 154
552 468 468 468 468 468 468 154 134 552 468 468 468 154 253 552 134 599 154 134
298 136 154 134 154 134 226 669 235 539 47 515 640 554 235 539 515 640 515 640
545 235 539 235 539 547 515 640 235 539 134 599 47 154 134 154 134 154 134 533
226 669 554 618 547 394 554 235 539 515 640 545 235 539 47 515 640 554 235 539
515 640 515 640 545 235 539 47 515 640 554 235 539 539 259 235 539 154 134 558
545 235 539 47 515 640 554 235 539 226 669 554 632 539 648 539 259 235 539 554
554 235 539 134 599 47 154 134 154 134 154 134 154 134 552 134 599 226 669 554
687 547 459 539 259 235 539 552 235 539 134 599 47 154 134 154 134 154 134 529
134 599 551 235 539 552 626 551 470 468 468 47 154 134 154 134 468 468 468 468
468 468 468 468 468 468 47 154 134 154 134 154 134 154 134 468 468 468 468 47
468 468 552 468 468 468 468 468 468 154 134 154 134 154 134 468 468 552 468 468
552 468 468 468 468 468 468 468 468 154 134 154 134 468 154 468 468 552 468 468
552 468 468 552 468 468 468 468 468 468 154 134 552 468 154 468 468 552 468 468
552 468 468 552 468 468 468 468 468 154 47 154 134 468 154 468 468 552 468 468
468 468 468 468 468 468 468 468 154 134 154 134 552 468 468 468 154 468 468 47
468 468 468 468 468 468 47 154 134 154 134 154 134 468 468 552 468 468 468 468
552 468 468 552 468 468 468 468 154 134 552 468 154 468 468 552 468 468 468 468
154 134 468 468 468 468 468 468 154 134 552 468 154 468 468 552 468 468 468 468
154 134 468 468 468 468 468 468 154 134 552 468 468 47 154 134 468 468 154 468
468 154 468 468 468 468 468 468 154 134 552 468 468 468 154 468 468 552 468 468
552 468 468 468 468 468 468 154 134 154 134 468 468 552 468 468 552 468 468 552
468 468 552 468 468 468 468 154 134 468 154 468 468 552 468 468 552 468 468 552
468 468 468 468 468 468 154 134 552 468 154 468 468 552 253 134 599 552 134 599
551 154 134 154 134 226 669 235 539 47 515 640 554 235 539 515 640 515 640 545
235 539 235 539 547 515 640 235 539 134 599 47 154 134 154 134 154 134 533 554
539 539 539 539 547 539 259 35 247 618 547 394 554 235 539 515 640 545 235 539
47 515 640 554 235 539 515 640 515 640 545 235 539 47 515 640 554 235 539 547
226 669 554 235 539 47 515 640 515 640 235 539 552 134 599 515 640 235 539 552
558 551 47 154 134 154 134 154 134 35 247 632 539 648 547 515 640 554 154 134
552 539 259 551 226 669 554 686 547 459 539 259 235 539 154 134 235 539 134 599
47 154 134 154 134 154 134 529 134 599 551 235 539 552 626 551 470 468 468 47
154 134 154 134 468 468 468 468 468 468 468 468 468 468 47 154 134 154 134 552
154 134 552 468 468 468 468 468 468 468 468 468 468 47 154 134 468 468 154 134
154 134 552 468 468 468 468 154 134 468 468 552 468 468 468 468 468 468 154 134
552 468 154 468 468 468 468 552 468 468 154 134 468 468 552 468 468 468 468 552
552 468 154 468 468 468 468 468 468 154 134 552 468 468 552 468 468 468 468 552
552 468 154 468 468 468 468 468 468 154 134 552 468 468 552 468 468 468 468 552
552 468 468 468 468 468 468 468 468 47 154 134 154 134 468 468 468 468 154 134
552 468 468 468 468 468 468 468 468 154 134 154 134 468 468 468 468 154 134 47
552 468 468 468 468 468 468 552 468 468 154 134 552 468 468 468 468 154 134 47
552 468 468 468 468 552 468 468 468 468 552 468 468 552 468 468 154 134 154 468
552 468 468 468 468 552 468 468 468 468 154 134 468 468 468 468 154 134 552 519
134 599 552 134 599 551 154 134 154 134 226 669 235 539 47 515 640 554 235 539
515 640 545 235 539 235 539 539 259 235 539 134 599 47 154 134 154 134 154 134
226 669 554 618 547 394 554 235 539 515 640 545 235 539 47 515 640 554 235 539
515 640 515 640 545 235 539 47 515 640 515 640 226 669 235 539 47 515 640 554
558 226 669 554 632 539 539 539 539 501 539 259 235 539 554 235 539 154 134 554
554 235 539 134 599 47 154 134 154 134 154 134 529 515 640 551 154 134 235 539
134 599 47 154 134 154 134 154 134 529 134 599 136 368 134 599 226 669 554 691
547 459 539 259 235 539 235 539 552 626 551 470 468 468 47 154 134 154 134 470
468 468 468 468 47 554 154 134 154 134 552 468 468 468 468 468 468 154 134 552
468 468 468 468 468 468 154 134 552 468 468 468 468 468 468 47 154 134 154 134
468 468 468 468 154 134 468 468 552 468 154 468 468 468 468 154 134 468 468 552
468 468 552 468 468 468 468 552 468 468 154 134 468 468 552 468 468 552 468 468
468 468 154 134 468 468 552 468 468 468 154 47 190 468 468 154 134 552 468 468
552 468 468 552 468 468 468 468 47 154 134 552 468 468 552 468 468 552 468 468
468 468 47 154 134 468 154 468 468 154 134 468 468 552 468 468 468 468 154 134
468 468 552 468 154 468 468 468 154 468 468 47 154 134 468 468 552 468 468 552
468 468 468 154 468 468 468 468 552 468 468 154 134 468 468 552 134 599 154 468
468 154 468 468 468 468 552 468 468 47 154 134 468 468 154 468 134 599 468 154
468 154 468 468 468 468 468 468 154 134 552 468 468 552 468 468 552 468 468 470
552 134 599 552 134 599 551 154 134 154 134 226 669 235 539 47 515 640 515 640
547 515 640 545 235 539 235 539 539 259 235 539 134 599 47 154 134 154 134 552
226 669 554 618 547 394 554 235 539 515 640 545 235 539 47 189 515 640 515 640
235 539 515 640 515 640 545 235 539 47 515 640 515 640 226 669 235 539 47 554
515 640 235 539 547 539 259 235 539 154 134 558 515 640 35 247 632 235 539 552
539 648 539 259 551 47 154 134 154 134 154 134 554 235 539 154 134 552 134 599
154 134 235 539 134 599 47 154 134 154 134 154 134 226 669 554 686 547 529 554
298 136 459 539 259 235 539 235 539 552 626 551 470 468 468 47 154 134 154 134
468 468 468 468 468 468 468 468 468 468 47 154 134 154 134 154 134 154 134 47
468 468 552 468 468 552 468 468 468 468 468 468 468 468 154 134 154 134 154 468
468 154 468 468 552 468 468 552 468 468 468 468 468 468 154 134 552 468 154 47
468 154 468 468 468 468 154 134 468 468 552 468 468 468 468 154 134 468 154 47
468 154 468 468 468 468 154 134 468 468 552 468 468 468 468 154 134 468 154 47
468 154 468 468 468 468 468 468 154 134 552 468 468 468 468 154 134 468 468 47
552 468 468 468 468 552 468 468 154 134 468 468 468 468 154 134 552 468 468 552
468 468 552 468 468 468 468 552 468 468 468 468 154 134 552 468 154 468 468 552
468 468 552 468 468 552 468 468 468 468 468 468 154 134 552 468 154 468 468 552
468 468 552 468 468 552 468 468 468 468 468 468 154 134 552 468 154 468 468 552
468 468 552 468 468 552 468 468 468 468 468 468 154 134 552 519 134 599 136 368
551 154 134 134 599 551 154 134 154 134 226 669 235 539 47 515 640 554 235 539
515 640 545 235 539 235 539 547 235 539 554 134 599 47 154 134 154 134 154 134
226 669 554 618 547 394 554 235 539 515 640 545 235 539 47 515 640 554 235 539
515 640 515 640 545 235 539 47 515 640 554 235 539 539 259 235 539 154 134 558
545 235 539 47 515 640 554 235 539 515 640 235 539 134 599 47 154 134 154 134
154 134 558 529 515 640 35 247 632 551 539 648 547 515 640 235 539 154 134 558
547 134 599 47 154 134 154 134 154 134 226 669 554 686 547 529 134 599 459 547
515 640 235 539 551 235 539 552 626 551 470 468 468 47 154 134 154 134 468 468
468 468 468 468 468 468 468 468 47 154 134 154 134 154 134 154 134 468 468 47
468 468 468 468 154 134 468 468 468 468 468 468 154 134 154 134 552 468 468 47
468 468 468 154 468 468 154 134 468 468 552 468 468 154 134 468 154 468 468 552
468 468 468 468 468 468 468 468 468 468 154 134 154 134 552 468 154 468 468 552
468 468 552 468 468 468 468 468 468 468 468 154 134 154 134 468 154 468 468 552
468 468 552 468 468 552 468 468 468 468 468 468 154 134 552 468 468 468 154 47
468 154 468 468 552 468 468 468 154 468 468 47 154 134 552 468 468 552 468 468
552 468 468 552 468 468 552 468 468 468 468 154 134 468 154 468 468 552 468 468
552 468 468 552 468 468 552 468 468 468 468 154 134 468 154 468 468 552 468 468
552 468 468 552 468 468 552 468 468 468 468 154 134 468 154 468 468 552 468 468
552 468 468 552 468 468 552 468 468 468 468 154 134 519 134 599 552 134 599 551
154 134 154 134 226 669 235 539 47 515 640 554 235 539 515 640 545 235 539 554
547 539 259 235 539 134 599 47 154 134 154 134 154 134 134 599 551 134 599 552
226 669 554 618 547 394 554 235 539 515 640 545 235 539 47 515 640 554 235 539
515 640 515 640 545 235 539 47 515 640 554 235 539 539 259 545 235 539 47 554
515 640 515 640 235 539 154 134 539 259 35 247 632 539 648 547 515 640 515 640
554 235 539 134 599 47 154 134 552 134 599 154 134 154 134 552 134 599 226 669
554 687 547 459 539 259 235 539 154 134 235 539 134 599 47 154 134 154 134 552
552 529 134 599 551 235 539 552 626 551 470 468 468 47 154 134 154 134 468 468
468 468 468 468 468 468 468 468 47 154 134 154 134 154 134 154 134 468 468 47
552 468 468 468 468 468 468 468 468 468 468 154 134 154 134 154 134 468 468 552
468 468 468 468 552 468 468 154 134 468 468 468 468 154 134 468 154 468 468 552
468 468 468 468 154 134 468 468 552 468 468 468 468 154 134 468 154 468 468 552
468 468 468 468 154 134 468 468 552 468 468 468 468 154 134 468 468 468 154 47
468 468 552 468 468 47 154 134 468 468 468 468 154 134 552 468 468 552 468 468
552 468 468 468 154 468 154 468 468 468 468 154 134 468 154 468 468 552 468 468
552 468 468 552 468 468 552 468 468 468 468 154 134 468 154 468 468 552 468 468
552 468 468 552 468 468 552 468 468 468 468 154 134 468 468 468 154 468 468 552
468 468 552 468 468 552 468 468 468 468 154 134 552 468 468 552 468 468 154 468
468 154 468 468 552 468 468 468 468 154 134 468 154 519 134 599 552 134 599 551
154 134 154 134 226 669 235 539 47 515 640 554 235 539 515 640 545 235 539 554
547 539 259 235 539 134 599 47 154 134 154 134 154 134 134 599 551 134 599 552
226 669 554 618 547 394 554 235 539 515 640 545 235 539 47 515 640 554 235 539
515 640 515 640 545 235 539 47 515 640 515 640 226 669 235 539 47 515 640 554
235 539 539 539 515 640 235 539 154 134 515 640 235 539 552 35 247 632 551 47
154 134 154 134 552 134 599 501 547 515 640 554 154 134 552 134 599 539 259 545
554 689 547 459 547 515 640 235 539 235 539 552 626 551 470 468 468 47 154 134
154 134 470 554 468 468 468 468 47 154 134 154 134 552 468 468 468 468 468 468
154 134 552 468 468 468 468 468 468 154 134 552 468 468 468 468 552 468 468 47
154 134 552 468 468 552 468 468 468 468 154 134 468 154 468 468 552 468 468 47
47 154 134 468 468 134 599 552 468 468 552 468 468 468 468 154 134 468 468 552
468 468 552 468 468 468 468 154 134 468 468 552 468 468 468 154 468 468 468 468
154 134 552 468 468 552 468 468 552 468 468 468 468 154 134 468 468 47 154 134
468 468 552 468 468 468 468 47 154 134 552 468 468 552 468 468 468 154 468 468
468 468 154 134 468 154 468 468 552 468 468 552 468 468 468 468 47 154 134 47
47 154 134 468 468 552 468 468 552 468 468 468 468 154 134 468 468 552 468 468
47 154 134 468 468 552 468 468 552 468 468 552 468 468 47 154 134 468 468 552
468 468 468 154 468 468 552 468 468 552 468 468 552 468 154 468 468 552 468 468
519 552 134 599 134 599 154 134 226 669 235 539 47 515 640 554 235 539 515 640
545 235 539 235 539 539 259 235 539 134 599 47 154 134 154 134 154 134 134 599
136 368 235 539 134 599 154 134 552 134 599 298 136 551 134 599 134 599 134 599
226 669 554 618 547 394 554 235 539 515 640 545 235 539 47 515 640 554 235 539
515 640 515 640 545 235 539 47 515 640 515 640 226 669 235 539 547 47 515 640
515 640 235 539 35 247 632 554 235 539 501 547 515 640 554 235 539 154 134 558
136 368 134 599 47 154 134 154 134 552 134 599 154 134 552 134 599 154 134 558
547 134 599 47 154 134 154 134 154 134 529 134 599 551 226 669 554 696 547 459
539 259 235 539 235 539 552 626 551 470 468 468 47 154 134 154 134 470 554 47
468 468 468 468 154 134 154 134 552 468 468 552 468 468 468 468 154 134 468 468
468 468 468 468 154 134 552 468 468 468 468 468 468 154 468 154 134 552 468 468
552 468 468 468 468 154 134 468 154 468 468 552 468 468 468 468 154 134 468 468
552 468 468 552 468 468 468 468 154 134 468 468 552 468 468 552 468 468 154 468
468 154 468 468 552 468 468 468 154 468 468 552 468 468 154 134 468 468 154 468
468 154 468 468 552 468 468 552 468 154 468 468 552 468 468 552 468 468 468 154
468 468 154 134 468 468 47 154 134 468 468 552 468 468 552 468 468 552 468 154
468 468 552 468 468 468 154 468 468 304 154 134 468 468 552 468 468 47 154 134
468 468 552 468 468 468 468 154 134 468 468 552 468 468 552 468 468 468 154 47
468 468 468 468 154 134 468 468 154 134 468 468 552 468 468 552 468 468 468 468
468 468 154 134 552 468 468 552 468 468 552 468 468 423 552 134 599 134 599 551
154 134 134 599 551 154 134 154 134 226 669 235 539 47 515 640 554 235 539 554
226 669 235 539 235 539 539 259 235 539 134 599 47 154 134 154 134 154 134 552
226 669 554 618 547 394 554 235 539 515 640 545 235 539 47 515 640 554 235 539
515 640 515 640 545 235 539 47 515 640 554 235 539 539 259 545 235 539 47 554
515 640 515 640 235 539 552 134 599 515 640 235 539 134 599 47 154 134 154 134
154 134 226 669 554 632 154 134 552 134 599 539 648 539 259 235 539 154 134 558
547 134 599 47 154 134 154 134 154 134 529 134 599 551 226 669 554 689 547 459
539 259 235 539 235 539 552 626 551 470 468 468 47 154 134 154 134 468 468 47
468 468 468 468 468 468 468 468 154 134 154 134 154 134 154 134 468 468 468 468
468 468 468 468 468 154 468 468 468 468 154 134 154 134 154 134 468 468 468 468
468 468 468 468 468 468 468 468 154 134 154 134 154 134 468 154 468 468 468 468
468 468 468 468 468 468 468 468 154 134 154 134 154 134 468 154 468 468 154 468
468 468 468 468 47 154 134 468 468 468 468 154 134 552 468 154 468 468 154 468
468 468 468 468 468 468 468 468 47 154 134 154 134 552 468 468 468 154 468 468
468 468 552 468 468 468 154 468 468 47 154 134 154 134 468 468 552 468 468 47
468 468 468 468 468 468 47 154 134 154 134 552 468 154 468 468 552 468 468 47
468 468 468 154 468 468 468 468 154 134 154 134 468 154 468 468 552 468 468 552
468 468 552 468 468 552 468 468 468 468 552 134 599 552 468 468 47 134 599 552
468 468 552 468 468 552 468 468 552 468 468 468 468 154 134 552 519 134 599 552
134 599 551 154 134 154 134 226 669 235 539 47 515 640 554 235 539 226 669 554
539 259 235 539 539 259 235 539 134 599 47 154 134 154 134 154 134 134 599 551
226 669 554 618 547 394 554 235 539 515 640 545 235 539 47 515 640 554 235 539
515 640 515 640 545 235 539 47 515 640 554 235 539 539 259 35 247 235 539 47
515 640 515 640 235 539 154 134 539 259 545 515 640 554 632 235 539 134 599 47
154 134 154 134 552 134 599 501 547 515 640 235 539 154 134 552 134 599 226 669
554 693 547 459 539 259 235 539 235 539 552 626 551 470 468 468 47 154 134 552
552 468 468 468 468 468 468 468 468 468 468 47 154 134 154 134 154 134 154 134
468 468 468 468 468 468 552 468 154 468 468 552 468 468 552 468 468 154 134 552
468 468 468 468 552 468 468 552 468 468 552 468 468 154 134 468 468 552 468 154
468 468 468 468 552 468 468 552 468 468 468 468 468 468 154 134 154 134 468 154
468 468 468 468 154 134 468 468 552 468 468 468 468 468 468 154 134 552 468 468
468 468 468 154 468 468 154 134 468 468 468 468 552 468 468 154 134 134 599 552
468 468 468 468 468 468 154 134 552 468 468 468 468 154 134 468 468 552 468 154
468 468 468 468 468 468 154 134 552 468 468 468 468 552 468 468 154 134 468 154
468 468 468 468 468 468 552 468 468 154 134 468 468 468 468 154 134 552 468 468
468 468 468 154 468 468 468 468 154 134 468 468 468 468 154 134 154 134 468 468
468 468 154 134 468 468 552 468 468 468 468 468 468 154 134 552 468 154 519 552
551 134 599 154 134 226 669 235 539 47 515 640 554 235 539 515 640 545 235 539
235 539 547 515 640 235 539 134 599 47 154 134 154 134 154 134 134 599 136 368
235 539 134 599 154 134 552 134 599 298 136 551 134 599 134 599 134 599 134 599
226 669 554 618 547 394 554 235 539 515 640 545 235 539 47 515 640 554 235 539
515 640 515 640 545 235 539 47 515 640 515 640 226 669 235 539 47 515 640 554
235 539 547 539 259 235 539 154 134 558 515 640 235 539 134 599 47 154 134 552
154 134 552 35 247 632 539 648 547 515 640 554 154 134 552 134 599 539 259 545
554 686 547 459 539 259 235 539 154 134 235 539 134 599 47 154 134 154 134 552
552 529 134 599 551 235 539 552 626 551 470 468 468 47 154 134 154 134 470 47
468 468 468 468 554 154 134 154 134 552 468 468 468 468 468 468 154 134 154 134
468 468 468 468 47 154 134 552 468 154 468 468 468 468 47 154 134 468 154 47
468 468 468 468 154 134 552 468 468 552 468 468 468 468 468 468 154 134 154 468
468 154 468 468 468 468 468 468 154 134 552 468 468 552 468 468 468 154 468 468
47 154 134 468 468 47 154 134 468 468 552 468 468 468 468 154 134 468 468 552
468 154 468 468 552 468 468 468 468 154 134 468 468 552 468 468 552 468 468 552
468 468 468 468 154 134 468 468 552 468 468 552 468 468 552 468 468 468 468 552
552 468 468 552 468 468 552 468 468 468 154 468 468 468 468 154 134 468 468 552
552 468 468 552 468 468 552 468 468 552 468 468 552 468 468 552 468 468 468 154
468 468 552 468 468 468 154 468 468 154 134 468 468 552 468 468 552 468 468 552
468 468 468 468 468 468 154 134 552 468 468 552 468 468 519 552 134 599 154 134
298 136 154 134 154 134 226 669 235 539 47 515 640 554 235 539 515 640 35 247
547 235 539 539 259 235 539 134 599 47 154 134 154 134 154 134 134 599 136 368
