1440 1588 1448 755 1580 2246 1580 1448 1448 1580 1440 1588 1448 645 1580 2138 1580 1448 1448 1580
1588 1440 1580 1448 80 1580 1580 1580 1580 1580 1580 1580 1448 1580 1588 1440 1580 1448 80 1580
1580 1580 1580 1580 1580 1580 1580 1448 1580 1440 1588 1448 757 1580 3028 2765 1580 1448 1448 1448
1448 1580 1440 1588 1448 428 1580 2181 1448 1448 1440 1588 1448 755 1580 1580 2246 1580 1448 1448
1448 1580 1440 1588 1448 645 1580 2138 1580 1448 1448 1580 1440 1588 1448 757 1580 3028 2765 1580
1448 1448 1448 1580 1440 1588 1448 430 1580 2181 1580 1448 1448 1580 1440 1588 1448 755 1580 2673
1580 1448 1448 1580 1440 1588 1448 590 1580 2185 1580 1448 1448 1580 1440 1588 1448 757 1580 1588
1440 1580 1448 80 1580 1580 1580 1580 1580 1580 1580 2347 1580 1448 1448 1580 1440 1588 1448 585
1440 1588 1448 755 1580 2246 1448 1448 1580 1580 1448 1440 1588 1448 645 1580 2138 1580 1448 1448
1580 1588 1440 1580 1448 80 1580 1580 1580 1448 1580 1448 1580 1448 1580 1448 1580 1580 1448 1448
1580 1440 1588 1448 757 1580 3028 2765 1580 1448 1448 1448 1448 1580 1440 1588 1448 428 1580 2181
1448 1448 1440 1588 1448 755 1580 1580 2246 1580 1448 1448 1580 1440 1588 1448 645 1580 2138 1580
1448 1448 1580 1440 1588 1448 757 1580 3028 2765 1580 1448 1448 1448 1580 1440 1588 1448 430 1580
2181 1580 1448 1448 1580 1440 1588 1448 755 1580 2673 1580 1448 1448 1580 1440 1588 1448 590 1580
2185 1580 1448 1448 1580 1440 1588 1448 757 1580 1588 1440 1580 1448 80 1580 1580 1580 1580 1580
1580 1580 1448 1580 1588 1440 1580 1448 80 1580 1580 1580 1448 1580 1448 1580 1448 1580 2347 1580
1440 1588 1448 755 1580 2246 1580 1448 1448 1580 1448 1440 1588 1448 645 1580 2138 1580 1448 1448
1580 1588 1440 1580 1448 80 1580 1580 1580 1580 1580 1580 1580 1448 1580 1588 1440 1580 1448 80
1580 1580 1580 1580 1580 1580 1580 1580 1448 1580 1440 1588 1448 757 1580 3028 2765 1580 1448 1448
1448 1580 1440 1588 1448 428 1580 2181 1448 1448 1440 1588 1448 755 1580 1580 2246 1448 1448 1580
1580 1448 1440 1588 1448 645 1580 2138 1580 1448 1448 1580 1440 1588 1448 757 1580 3028 2765 1580
1448 1448 1448 1580 1440 1588 1448 430 1580 2181 1580 1448 1448 1580 1440 1588 1448 755 1580 2673
1580 1448 1448 1580 1440 1588 1448 590 1580 2185 1580 1448 1448 1580 1440 1588 1448 757 1580 1588
1440 1580 1448 80 1580 1580 1580 1580 1580 1580 1448 1580 2347 1580 1448 1448 1580 1440 1588 1448
1588 1440 1580 1448 80 1580 1580 1580 1580 1580 1580 1440 1588 1448 755 1580 2246 1580 1448 1448
1580 1440 1588 1448 645 1580 2138 1580 1448 1448 1580 1580 1580 1448 1580 1440 1588 1448 757 1580
3028 2765 1580 1448 1448 1448 1448 1440 1580 1588 1448 428 1580 2181 1448 1448 1440 1588 1448 755
1580 1580 2246 1580 1448 1448 1580 1440 1588 1448 645 1580 2138 1580 1448 1448 1580 1440 1588 1448
757 1580 3028 2765 1580 1448 1448 1448 1580 1440 1588 1448 430 1580 2181 1580 1448 1448 1448 1580
1440 1588 1448 755 1580 2673 1580 1448 1448 1580 1440 1588 1448 590 1580 2185 1580 1448 1448 1580
1440 1588 1448 757 1580 1588 1440 1580 1448 80 1580 1580 1580 1580 1580 1580 2347 1580 1448 1448
1588 1440 1580 1448 80 1580 1580 1580 1580 1580 1580 1580 1588 1448 1580 1440 1580 1448 80 1580
1580 1580 1580 1580 1580 1580 1580 1448 1580 1440 1588 1448 755 1580 2246 1580 1448 1448 1580 1440
1588 1448 645 1580 2138 1580 1448 1448 1448 1580 1440 1588 1448 757 1580 3028 2765 1580 1448 1448
1448 1448 1580 1440 1588 1448 428 1580 2181 1448 1448 1440 1588 1448 755 1580 1580 2246 1580 1448
1448 1580 1440 1588 1448 645 1580 2138 1580 1448 1448 1580 1440 1588 1448 757 1580 3028 2765 1580
1448 1448 1448 1580 1440 1588 1448 430 1580 2181 1580 2181 1448 1448 1580 1448 1436 1440 1588 1448
755 1580 2673 1580 1448 1448 1580 1440 1588 1448 590 1580 2185 1580 1448 1448 1580 1440 1588 1448
757 1580 1588 1440 1580 1448 80 1580 1580 1580 1448 1580 1448 1580 1448 1580 2347 1580 1448 1448
1588 1440 1580 1448 80 1580 1580 1580 1580 1580 1580 1580 1448 1580 1588 1440 1580 1448 80 1580
1580 1580 1448 1580 1448 1580 1448 1580 1448 1580 1580 1448 1580 1588 1440 1580 1448 80 1580 1580
1588 1440 1580 1448 80 1580 1580 1580 1580 1580 1580 1580 1588 1448 1580 1440 1580 1448 80 1580
1580 1580 1580 1580 1580 1580 1580 1448 1580 1588 1440 1580 1448 80 1580 1580 1580 1580 1580 1580
1588 1440 1580 1448 80 1580 1580 1580 1580 1580 1580 1580 1448 1580 1588 1440 1580 1448 80 1580
1580 1580 1448 1580 1448 1580 1448 1580 1448 1580 1580 1448 1448 1580 1588 1440 1580 1448 80 1580
1588 1440 1580 1448 80 1580 1580 1580 1580 1580 1580 1580 1580 1448 1580 1588 1440 1580 1448 80
1580 1580 1580 1580 1580 1580 1580 1448 1580 1588 1440 1580 1448 80 1580 1580 1580 1580 1580 1580
1588 1440 1580 1448 80 1580 1580 1580 1580 1580 1580 1580 1588 1440 1580 1448 1580 1448 80 1580
1580 1580 1580 1580 1580 1580 1580 1448 1580 1588 1440 1580 1448 80 1580 1580 1580 1580 1580 1580
1588 1440 1580 1448 80 1580 1580 1580 1580 1580 1580 1580 1588 1440 1580 1448 1580 1448 80 1580
1580 1580 1580 1448 1580 1448 1580 1448 1580 1580 1448 1580 1588 1440 1580 1448 80 1580 1580 1580
1588 1440 1580 1448 80 1580 1580 1580 1580 1448 1580 1448 1580 1580 1448 1588 1580 1440 1580 1448
80 1580 1580 1580 1580 1580 1580 1580 1580 1448 1580 1588 1440 1580 1448 80 1580 1580 1580 1580
1588 1440 1580 1448 80 1580 1580 1580 1580 1448 1580 1448 1580 1580 1588 1440 1580 1448 1580 1448
80 1580 1580 1580 1580 1580 1448 1580 1448 1580 1580 1448 1580 1588 1440 1580 1448 80 1580 1580
1588 1440 1580 1448 80 1580 1580 1580 1580 1580 1580 1580 1588 1448 1440 1580 1580 1448 80 1580
1580 1580 1580 1448 1580 1448 1580 1580 1580 1448 1580 1588 1440 1580 1448 80 1580 1580 1580 1580
1588 1440 1580 1448 80 1580 1580 1580 1580 1448 1580 1448 1580 1580 1588 1448 1580 1440 1580 1448
80 1580 1580 1580 1580 1580 1448 1580 1448 1580 1580 1448 1580 1588 1440 1580 1448 80 1580 1580
1588 1440 1580 1448 80 1580 1580 1580 1580 1580 1448 1580 1448 1580 1580 1448 1580 1588 1440 1580
1588 1440 1580 1448 80 1580 1580 1580 1580 1580 1580 1580 1448 1580 1588 1440 1580 1448 80 1580
1580 1580 1580 1580 1580 1448 1580 1580 1448 1580 1588 1440 1580 1448 80 1580 1580 1580 1580 1580
1588 1440 1580 1448 80 1580 1580 1580 1580 1448 1580 1448 1580 1580 1580 1448 1580 1588 1440 1580
1588 1440 1580 1448 80 1580 1580 1580 1580 1580 1580 1580 1448 1580 1588 1440 1580 1448 80 1580
1580 1580 1580 1580 1448 1580 1448 1580 1580 1448 1580 1588 1440 1580 1448 80 1580 1580 1580 1580
1588 1440 1580 1448 80 1580 1580 1580 1580 1580 1580 1448 1580 1580 1448 1580 1588 1440 1580 1448
80 1580 1580 1580 1580 1580 1580 1580 1448 1580 1588 1440 1580 1448 80 1580 1580 1580 1580 1580
