545 235 539 377 554 109 235 539 539 259 545 235 539 338 554 53 235 539 539 259
226 669 235 539 47 515 640 515 640 515 640 235 539 515 640 545 235 539 47 554
515 640 515 640 515 640 235 539 226 669 235 539 378 554 464 364 235 539 539 539
539 259 545 235 539 221 554 74 539 539 545 235 539 377 515 640 109 235 539 547
539 259 545 235 539 338 554 53 235 539 539 259 545 235 539 378 554 464 364 554
539 539 539 259 545 235 539 223 554 74 235 539 539 259 545 235 539 377 554 331
235 539 539 259 545 235 539 309 554 76 235 539 539 259 545 235 539 378 515 640
545 235 539 47 515 640 515 640 515 640 554 158 235 539 539 259 545 235 539 305
545 235 539 377 554 109 547 539 259 235 539 545 235 539 338 554 53 235 539 547
515 640 545 235 539 47 515 640 235 539 235 539 235 539 235 539 554 235 539 547
226 669 235 539 378 554 464 364 235 539 539 539 539 259 545 235 539 221 554 74
539 539 545 235 539 377 515 640 109 235 539 539 259 545 235 539 338 554 53 554
547 539 259 545 235 539 378 554 464 364 235 539 547 539 259 545 235 539 223 554
74 235 539 539 259 545 235 539 377 554 331 235 539 539 259 545 235 539 309 554
76 235 539 539 259 545 235 539 378 515 640 545 235 539 47 515 640 515 640 554
554 235 539 515 640 545 235 539 47 515 640 235 539 235 539 235 539 554 158 554
545 235 539 377 554 109 235 539 547 235 539 545 235 539 338 554 53 235 539 547
515 640 545 235 539 47 515 640 515 640 515 640 235 539 515 640 545 235 539 47
515 640 515 640 515 640 554 235 539 226 669 235 539 378 554 464 364 235 539 547
539 259 545 235 539 221 554 74 539 539 545 235 539 377 515 640 109 547 539 259
235 539 545 235 539 338 554 53 235 539 539 259 545 235 539 378 554 464 364 554
539 539 539 259 545 235 539 223 554 74 235 539 539 259 545 235 539 377 554 331
235 539 539 259 545 235 539 309 554 76 235 539 539 259 545 235 539 378 515 640
545 235 539 47 515 640 515 640 554 235 539 554 158 235 539 539 259 545 235 539
226 669 235 539 47 515 640 515 640 515 640 545 235 539 377 554 109 235 539 547
226 669 235 539 338 554 53 235 539 547 515 640 235 539 226 669 235 539 378 554
464 364 235 539 539 539 547 35 247 235 539 221 554 74 539 539 545 235 539 377
515 640 109 235 539 539 259 545 235 539 338 554 53 235 539 539 259 545 235 539
378 554 464 364 235 539 547 539 259 545 235 539 223 554 74 235 539 547 539 259
545 235 539 377 554 331 235 539 539 259 545 235 539 309 554 76 235 539 539 259
545 235 539 378 515 640 545 235 539 47 515 640 515 640 515 640 158 235 539 547
226 669 235 539 47 515 640 515 640 515 640 554 235 539 226 669 235 539 47 554
515 640 515 640 515 640 235 539 226 669 235 539 377 554 109 235 539 539 259 545
235 539 338 554 53 235 539 547 539 259 545 235 539 378 554 464 364 235 539 547
547 539 259 545 235 539 221 554 74 539 539 545 235 539 377 515 640 109 235 539
539 259 545 235 539 338 554 53 235 539 539 259 545 235 539 378 554 464 364 554
539 539 539 259 545 235 539 223 554 74 554 74 539 539 235 539 544 545 235 539
377 554 331 235 539 539 259 545 235 539 309 554 76 235 539 539 259 545 235 539
378 515 640 545 235 539 47 515 640 235 539 235 539 235 539 554 158 235 539 547
226 669 235 539 47 515 640 515 640 515 640 235 539 515 640 545 235 539 47 554
554 235 539 235 539 235 539 235 539 554 235 539 515 640 545 235 539 47 515 640
226 669 235 539 47 515 640 515 640 515 640 554 235 539 226 669 235 539 47 554
515 640 515 640 515 640 235 539 515 640 545 235 539 47 515 640 515 640 515 640
226 669 235 539 47 515 640 515 640 515 640 235 539 515 640 545 235 539 47 554
554 235 539 235 539 235 539 235 539 554 235 539 547 515 640 545 235 539 47 554
226 669 235 539 47 515 640 515 640 515 640 554 235 539 515 640 545 235 539 47
515 640 515 640 515 640 235 539 515 640 545 235 539 47 515 640 515 640 515 640
226 669 235 539 47 515 640 515 640 515 640 515 640 545 235 539 235 539 47 554
515 640 515 640 515 640 235 539 515 640 545 235 539 47 515 640 515 640 515 640
226 669 235 539 47 515 640 515 640 515 640 515 640 545 235 539 235 539 47 554
515 640 235 539 235 539 235 539 554 235 539 515 640 545 235 539 47 515 640 554
226 669 235 539 47 515 640 554 235 539 235 539 554 235 539 558 226 669 235 539
47 515 640 515 640 515 640 554 235 539 515 640 545 235 539 47 515 640 515 640
226 669 235 539 47 515 640 554 235 539 235 539 515 640 226 669 235 539 235 539
47 515 640 515 640 235 539 235 539 554 235 539 515 640 545 235 539 47 515 640
226 669 235 539 47 515 640 515 640 515 640 554 235 539 35 247 235 539 47 554
515 640 235 539 235 539 515 640 235 539 515 640 545 235 539 47 515 640 515 640
226 669 235 539 47 515 640 554 235 539 235 539 515 640 235 539 226 669 235 539
47 515 640 515 640 235 539 235 539 554 235 539 515 640 545 235 539 47 515 640
226 669 235 539 47 515 640 515 640 235 539 235 539 554 235 539 515 640 35 247
226 669 235 539 47 515 640 515 640 515 640 235 539 515 640 545 235 539 47 554
515 640 515 640 235 539 554 235 539 515 640 545 235 539 47 515 640 515 640 554
226 669 235 539 47 515 640 554 235 539 235 539 515 640 235 539 515 640 35 247
226 669 235 539 47 515 640 515 640 515 640 235 539 515 640 545 235 539 47 554
515 640 554 235 539 235 539 554 235 539 515 640 545 235 539 47 515 640 515 640
226 669 235 539 47 515 640 515 640 554 235 539 554 235 539 515 640 545 235 539
47 515 640 515 640 515 640 235 539 515 640 545 235 539 47 515 640 515 640 554
