235 539 134 599 47 71 154 134 154 134 134 599 298 136 298 136 298 136 298 136
298 136 298 136 298 136 298 136 298 136 298 136 551 136 368 134 599 551 154 134
235 539 552 725 551 136 368 134 599 552 235 539 552 580 551 516 552 621 518 552
235 539 134 599 47 71 154 134 154 134 134 599 298 136 298 136 298 136 298 136
298 136 298 136 298 136 298 136 298 136 298 136 298 136 551 134 599 298 136 551
136 368 607 551 468 468 71 344 551 154 134 552 134 599 551 716 298 136 527 552
737 439 298 136 439 439 439 298 136 551 439 439 439 298 136 439 439 298 136 551
298 136 439 573 439 439 298 136 551 439 298 136 551 593 298 136 298 136 298 136
551 47 520 552 572 551 134 599 298 136 537 136 368 134 599 552 235 539 134 599
47 71 154 134 154 134 552 134 599 134 599 298 136 134 599 298 136 298 136 551
47 71 154 134 552 134 599 298 136 298 136 298 136 298 136 134 599 298 136 551
298 136 298 136 298 136 298 136 298 136 298 136 298 136 298 136 298 136 298 136
298 136 298 136 298 136 298 136 134 599 298 136 298 136 551 136 368 134 599 551
235 539 134 599 47 71 154 134 154 134 134 599 298 136 298 136 298 136 298 136
298 136 298 136 298 136 298 136 298 136 298 136 298 136 136 368 134 599 136 368
552 235 539 552 725 551 136 368 134 599 552 235 539 552 580 551 516 552 621 518
552 235 539 134 599 47 71 154 134 154 134 134 599 298 136 298 136 298 136 551
298 136 298 136 136 368 134 599 154 134 235 539 134 599 47 71 154 134 154 134
154 134 134 599 298 136 298 136 298 136 298 136 298 136 298 136 298 136 298 136
298 136 298 136 298 136 298 136 298 136 298 136 298 136 298 136 298 136 298 136
298 136 298 136 298 136 134 599 298 136 298 136 136 368 134 599 134 599 47 71
154 134 154 134 134 599 298 136 298 136 298 136 298 136 298 136 298 136 298 136
134 599 154 134 235 539 134 599 47 71 154 134 154 134 134 599 298 136 298 136
298 136 298 136 298 136 298 136 298 136 298 136 298 136 298 136 298 136 298 136
298 136 298 136 298 136 298 136 298 136 298 136 298 136 298 136 298 136 298 136
235 539 134 599 47 71 154 134 154 134 552 134 599 298 136 298 136 298 136 551
298 136 298 136 298 136 298 136 298 136 298 136 298 136 298 136 298 136 298 136
298 136 298 136 298 136 298 136 298 136 298 136 298 136 298 136 298 136 298 136
298 136 551 154 134 235 539 552 134 599 47 71 154 134 552 134 599 552 725 551
546 154 134 134 599 134 599 298 136 298 136 298 136 298 136 298 136 298 136 551
298 136 551 136 368 134 599 552 134 599 134 599 47 71 154 134 154 134 515 640
136 368 134 599 552 580 551 47 71 154 134 552 134 599 551 516 552 621 298 136
518 552 134 599 298 136 298 136 298 136 298 136 298 136 298 136 298 136 298 136
298 136 298 136 298 136 298 136 298 136 298 136 298 136 298 136 298 136 298 136
298 136 298 136 298 136 298 136 298 136 298 136 298 136 551 136 368 134 599 551
136 368 134 599 298 136 298 136 298 136 298 136 298 136 298 136 298 136 298 136
134 599 298 136 298 136 134 599 298 136 47 71 154 134 154 134 552 134 599 551
235 539 134 599 47 71 154 134 154 134 134 599 298 136 298 136 298 136 298 136
298 136 298 136 298 136 298 136 298 136 298 136 298 136 136 368 134 599 136 368
552 235 539 552 725 551 136 368 134 599 552 235 539 552 580 551 516 552 621 551
516 621 551 516 621 551 518 552 134 599 552 235 539 134 599 468 468 71 344 552
154 134 552 527 134 599 298 136 298 136 298 136 298 136 298 136 298 136 551 47
520 154 134 537 551 154 134 235 539 134 599 47 71 154 134 154 134 134 599 551
298 136 298 136 298 136 298 136 298 136 298 136 298 136 298 136 298 136 298 136
298 136 298 136 298 136 298 136 298 136 298 136 298 136 298 136 298 136 298 136
298 136 134 599 298 136 298 136 134 599 134 599 47 71 154 134 154 134 154 134
134 599 134 599 47 71 154 134 552 134 599 134 599 298 136 298 136 298 136 551
298 136 298 136 298 136 298 136 298 136 298 136 298 136 298 136 298 136 298 136
298 136 298 136 298 136 551 134 599 551 136 368 134 599 298 136 298 136 298 136
298 136 298 136 298 136 298 136 298 136 298 136 298 136 298 136 298 136 298 136
235 539 552 134 599 47 71 154 134 154 134 134 599 552 725 551 136 368 134 599
552 134 599 298 136 298 136 298 136 298 136 298 136 298 136 298 136 298 136 551
298 136 134 599 298 136 298 136 134 599 580 298 136 298 136 298 136 298 136 551
298 136 298 136 298 136 298 136 298 136 298 136 298 136 298 136 154 134 235 539
134 599 47 71 554 154 134 552 134 599 552 134 599 47 71 154 134 552 134 599
551 134 599 298 136 298 136 298 136 298 136 298 136 298 136 298 136 298 136 551
551 134 599 298 136 551 136 368 134 599 298 136 298 136 298 136 298 136 298 136
298 136 136 368 134 599 551 154 134 516 552 621 551 518 552 235 539 134 599 47
71 154 134 154 134 134 599 298 136 298 136 298 136 298 136 298 136 551 136 368
134 599 154 134 235 539 134 599 47 71 154 134 154 134 134 599 298 136 298 136
298 136 298 136 298 136 298 136 298 136 298 136 298 136 298 136 298 136 298 136
298 136 298 136 298 136 298 136 298 136 298 136 298 136 298 136 298 136 298 136
