1580 1448 1568 1460 80 124 1568 1568 1568 1568 1568 1460 1460 1460 1460 1460 1460 1460 1460 1460
1460 1460 1460 1460 1460 1460 1460 1460 1460 1460 1460 1460 1460 1460 1568 1568 1460 1460 1568 1568
1580 1448 1568 1917 1460 1447 1568 1568 1460 1568 1580 1448 1568 1616 1460 1320 1568 1724 1356 1568
1580 1448 1568 1460 80 124 1568 1568 1568 1568 1568 1460 1460 1460 1460 1460 1460 1460 1460 1460
1460 1460 1460 1460 1460 1460 1460 1460 1460 1460 1460 1460 1460 1460 1460 1580 1460 1460 1460 1460
1448 1568 1685 1460 80 80 124 657 1460 1568 1568 1568 1568 1460 1460 1894 1460 1460 1401 1568
1946 2948 1460 1460 2948 2948 2948 1460 1460 1460 2948 2948 2948 1460 1460 2948 2948 1460 1460 1460
1460 1460 2948 1606 2948 2948 1460 1460 1460 2948 1460 1460 1460 1646 1460 1460 1460 1460 1460 1460
1460 80 1363 1568 1605 1460 1568 1460 1460 1460 1423 1460 1568 1568 1460 1568 1580 1448 1568 1460
80 124 1568 1568 1568 1568 1568 1568 1460 1580 1460 1460 1448 1568 1460 1460 1460 1460 1460 1460
80 124 1568 1568 1568 1568 1460 1460 1460 1460 1460 1460 1460 1460 1460 1568 1460 1460 1460 1460
1460 1460 1460 1460 1460 1460 1460 1460 1460 1460 1460 1460 1460 1460 1460 1460 1460 1460 1460 1460
1460 1460 1460 1460 1460 1460 1460 1460 1568 1460 1460 1460 1460 1460 1460 1460 1568 1568 1460 1460
1580 1448 1568 1460 80 124 1568 1568 1568 1568 1568 1460 1460 1460 1460 1460 1460 1460 1460 1460
1460 1460 1460 1460 1460 1460 1460 1460 1460 1460 1460 1460 1460 1460 1460 1568 1568 1460 1460 1568
1568 1580 1448 1568 1917 1460 1447 1568 1568 1460 1568 1580 1448 1568 1616 1460 1320 1568 1724 1356
1568 1580 1448 1568 1460 80 124 1568 1568 1568 1568 1568 1460 1460 1460 1460 1460 1460 1460 1460
1460 1460 1460 1460 1460 1568 1568 1460 1568 1568 1580 1448 1568 1460 80 124 1568 1568 1568 1568
1568 1568 1568 1460 1460 1460 1460 1460 1460 1460 1460 1460 1460 1460 1460 1460 1460 1460 1460 1460
1460 1460 1460 1460 1460 1460 1460 1460 1460 1460 1460 1460 1460 1460 1460 1460 1460 1460 1460 1460
1460 1460 1460 1460 1460 1460 1580 1460 1460 1460 1460 1460 1460 1568 1568 1448 1568 1460 80 124
1568 1568 1568 1568 1568 1460 1460 1460 1460 1460 1460 1460 1460 1460 1460 1460 1460 1460 1460 1460
1568 1460 1568 1568 1580 1448 1568 1460 80 124 1568 1568 1568 1568 1568 1460 1460 1460 1460 1460
1460 1460 1460 1460 1460 1460 1460 1460 1460 1460 1460 1460 1460 1460 1460 1460 1460 1460 1460 1460
1460 1460 1460 1460 1460 1460 1460 1460 1460 1460 1460 1460 1460 1460 1460 1460 1460 1460 1460 1460
1580 1448 1568 1460 80 124 1568 1568 1568 1568 1568 1568 1460 1460 1460 1460 1460 1460 1460 1460
1460 1460 1460 1460 1460 1460 1460 1460 1460 1460 1460 1460 1460 1460 1460 1460 1460 1460 1460 1460
1460 1460 1460 1460 1460 1460 1460 1460 1460 1460 1460 1460 1460 1460 1460 1460 1460 1460 1460 1460
1460 1460 1460 1568 1568 1580 1448 1568 1580 1460 80 124 1568 1568 1568 1568 1448 1568 1917 1460
1447 1568 1568 1568 1460 1568 1460 1460 1460 1460 1460 1460 1460 1460 1460 1460 1460 1460 1460 1460
1460 1460 1460 1460 1568 1580 1460 1568 1568 1448 1568 1460 80 124 1568 1568 1568 1568 1580 1580
1448 1568 1568 1448 1568 1616 1460 80 124 1568 1568 1568 1568 1460 1460 1320 1568 1724 1460 1460
1356 1568 1568 1460 1460 1460 1460 1460 1460 1460 1460 1460 1460 1460 1460 1460 1460 1460 1460 1460
1460 1460 1460 1460 1460 1460 1460 1460 1460 1460 1460 1460 1460 1460 1460 1460 1460 1460 1460 1460
1460 1460 1460 1460 1460 1460 1460 1460 1460 1460 1460 1460 1460 1460 1460 1460 1568 1568 1460 1460
1460 1568 1568 1460 1460 1460 1460 1460 1460 1460 1460 1460 1460 1460 1460 1460 1460 1460 1460 1460
1580 1460 1460 1460 1460 1448 1568 1460 1460 1460 80 124 1568 1568 1568 1568 1568 1568 1460 1460
1580 1448 1568 1460 80 124 1568 1568 1568 1568 1568 1460 1460 1460 1460 1460 1460 1460 1460 1460
1460 1460 1460 1460 1460 1460 1460 1460 1460 1460 1460 1460 1460 1460 1460 1568 1568 1460 1460 1568
1568 1580 1448 1568 1917 1460 1448 1568 1568 1460 1568 1580 1448 1568 1616 1460 1320 1568 1724 1460
1320 1724 1460 1320 1724 1460 1356 1568 1580 1460 1568 1580 1448 1568 1460 80 80 124 657 1568
1568 1568 1568 1401 1568 1460 1460 1460 1460 1460 1460 1460 1460 1460 1460 1460 1460 1460 1460 80
1363 1568 1568 1423 1460 1568 1568 1580 1448 1568 1460 80 124 1568 1568 1568 1568 1568 1460 1460
1460 1460 1460 1460 1460 1460 1460 1460 1460 1460 1460 1460 1460 1460 1460 1460 1460 1460 1460 1460
1460 1460 1460 1460 1460 1460 1460 1460 1460 1460 1460 1460 1460 1460 1460 1460 1460 1460 1460 1460
1460 1460 1580 1460 1460 1460 1460 1448 1568 1460 1568 1460 80 124 1568 1568 1568 1568 1568 1580
1568 1448 1568 1460 80 124 1568 1568 1568 1568 1460 1568 1460 1460 1460 1460 1460 1460 1460 1460
1460 1460 1460 1460 1460 1460 1460 1460 1460 1460 1460 1460 1460 1460 1460 1460 1460 1460 1460 1460
1460 1460 1460 1460 1460 1460 1460 1568 1460 1460 1460 1568 1568 1460 1460 1460 1460 1460 1460 1460
1460 1460 1460 1460 1460 1460 1460 1460 1460 1460 1460 1460 1460 1460 1460 1460 1460 1460 1460 1460
1580 1448 1568 1580 1460 80 124 1568 1568 1568 1568 1568 1448 1568 1917 1460 1447 1568 1568 1460
1568 1568 1460 1460 1460 1460 1460 1460 1460 1460 1460 1460 1460 1460 1460 1460 1460 1460 1460 1460
1460 1460 1580 1460 1460 1460 1460 1448 1568 1460 1616 1460 1460 1460 1460 1460 1460 1460 1460 1460
1460 1460 1460 1460 1460 1460 1460 1460 1460 1460 1460 1460 1460 1460 1460 1460 1568 1568 1580 1448
1568 1460 80 124 1580 1568 1568 1568 1568 1448 1568 1568 1460 80 124 1568 1568 1568 1568 1460
1460 1568 1460 1460 1460 1460 1460 1460 1460 1460 1460 1460 1460 1460 1460 1460 1460 1460 1460 1460
1460 1568 1460 1460 1460 1460 1460 1568 1568 1460 1460 1460 1460 1460 1460 1460 1460 1460 1460 1460
1460 1460 1460 1568 1568 1460 1460 1568 1568 1320 1568 1724 1460 1356 1568 1580 1448 1568 1460 80
124 1568 1568 1568 1568 1568 1460 1460 1460 1460 1460 1460 1460 1460 1460 1460 1460 1460 1460 1568
1568 1460 1568 1568 1580 1448 1568 1460 80 124 1568 1568 1568 1568 1568 1460 1460 1460 1460 1460
1460 1460 1460 1460 1460 1460 1460 1460 1460 1460 1460 1460 1460 1460 1460 1460 1460 1460 1460 1460
1460 1460 1460 1460 1460 1460 1460 1460 1460 1460 1460 1460 1460 1460 1460 1460 1460 1460 1460 1460
