136 368 226 669 554 618 539 370 247 235 539 226 669 235 539 377 554 83 547 338
554 33 547 235 539 539 259 545 235 539 378 554 464 464 159 539 539 547 288 554
53 547 299 554 57 547 382 515 640 545 235 539 47 515 640 554 235 539 515 640
515 640 545 235 539 47 515 640 554 235 539 539 259 545 235 539 47 515 640 554
515 640 235 539 553 553 177 547 539 259 319 515 640 554 235 539 134 599 553 47
553 553 553 553 553 35 247 651 539 648 515 640 553 553 553 134 599 539 259 39
136 368 553 235 539 134 599 553 47 553 553 553 553 553 553 529 134 599 551 558
35 247 704 547 457 554 235 539 554 235 539 553 649 551 472 468 468 47 553 553
553 553 468 468 468 468 468 468 468 468 468 468 553 47 553 553 553 553 553 553
553 553 553 553 468 468 468 468 468 468 468 468 468 468 553 468 468 468 468 47
468 468 553 468 468 468 468 553 553 553 553 553 468 468 553 553 553 553 553 47
468 468 468 468 468 468 468 468 468 468 553 468 468 47 553 468 468 553 47 553
468 468 47 553 468 468 553 468 468 553 553 553 553 553 553 47 553 468 468 47
468 468 468 468 47 553 468 468 553 553 468 468 47 553 47 553 468 468 468 468
553 47 553 468 468 468 468 47 553 553 553 553 553 47 553 468 468 468 468 47
468 468 47 553 468 468 553 553 468 468 468 468 553 553 468 468 553 553 468 468
553 468 468 468 468 468 468 553 553 553 553 468 468 468 468 468 468 47 553 553
468 468 47 553 47 553 468 468 553 553 468 468 468 468 468 468 468 468 553 47
553 468 468 47 553 553 553 553 553 468 468 468 468 468 468 468 468 553 468 468
553 553 553 468 468 553 553 468 468 468 468 468 468 553 468 468 553 468 468 47
47 553 553 553 553 47 553 468 468 468 468 468 468 468 468 553 468 468 553 553
553 553 468 468 468 468 468 468 468 468 468 468 553 553 468 468 253 553 553 553
553 553 134 599 553 553 134 599 136 368 553 553 553 226 669 235 539 47 515 640
554 235 539 515 640 515 640 545 235 539 235 539 547 515 640 235 539 134 599 553
47 553 553 553 553 553 553 533 515 640 551 235 539 551 134 599 553 134 599 551
226 669 554 618 539 370 247 235 539 226 669 235 539 377 554 83 547 338 554 33
547 235 539 539 259 545 235 539 378 554 464 464 159 539 539 547 288 554 53 299
554 57 547 382 515 640 545 235 539 47 515 640 554 235 539 515 640 515 640 545
235 539 47 515 640 554 235 539 539 259 545 235 539 47 515 640 515 640 515 640
136 368 553 177 547 539 259 35 247 651 319 235 539 497 515 640 515 640 235 539
134 599 47 553 553 553 553 553 553 539 259 553 553 553 134 599 39 136 368 553
235 539 134 599 47 553 553 553 553 553 553 553 529 134 599 551 226 669 554 710
547 457 554 235 539 554 235 539 553 649 551 472 468 468 47 553 553 553 553 47
468 468 468 468 468 468 468 468 553 553 553 468 468 553 553 553 553 553 553 553
553 468 468 468 468 468 468 468 468 468 468 47 553 468 468 468 468 553 468 468
47 553 468 468 553 468 468 47 553 553 553 553 553 553 553 553 468 468 468 468
468 468 468 468 468 468 468 468 553 47 553 47 553 468 468 553 468 468 553 47
47 553 553 553 553 553 468 468 468 468 553 553 47 553 468 468 468 468 47 553
47 553 468 468 553 553 468 468 553 468 468 553 468 468 468 468 468 468 553 47
468 468 468 468 553 47 553 553 553 553 47 553 468 468 468 468 468 468 553 47
468 468 553 468 468 47 553 553 553 553 468 468 468 468 468 468 553 553 553 47
468 468 468 468 47 553 553 553 468 468 468 468 468 468 47 553 468 468 553 47
553 468 468 553 47 553 553 468 468 553 468 468 468 468 553 553 468 468 468 468
468 468 553 553 553 553 468 468 468 468 468 468 468 468 468 468 553 553 468 468
553 553 553 553 468 468 468 468 468 468 468 468 47 553 468 468 47 553 553 553
553 553 47 553 468 468 468 468 468 468 47 553 47 553 468 468 553 468 468 553
553 553 468 468 468 468 468 468 553 47 553 468 468 47 553 253 553 553 553 553
136 368 553 134 599 136 368 553 553 553 226 669 235 539 47 515 640 554 235 539
515 640 515 640 545 235 539 235 539 547 515 640 235 539 134 599 553 47 553 553
553 553 553 553 533 515 640 551 235 539 551 134 599 553 134 599 551 134 599 553
226 669 554 618 539 370 247 235 539 226 669 235 539 377 554 83 547 338 554 33
547 235 539 539 259 545 235 539 378 554 464 464 159 539 539 547 288 554 53 547
299 554 57 547 382 515 640 545 235 539 47 515 640 554 235 539 515 640 515 640
545 235 539 47 515 640 554 235 539 539 259 545 235 539 47 515 640 515 640 554
235 539 553 553 177 547 539 259 319 226 669 554 651 554 235 539 235 539 553 497
515 640 551 47 553 553 553 553 553 553 539 259 39 136 368 553 553 134 599 558
35 247 714 547 457 554 235 539 554 553 553 235 539 134 599 47 553 553 553 553
553 553 553 529 134 599 551 235 539 553 649 551 472 468 468 47 553 553 553 553
468 468 468 468 468 468 468 468 468 468 47 553 553 553 553 553 553 553 553 553
553 553 468 468 468 468 468 468 468 468 468 468 47 553 468 468 468 468 553 47
47 553 468 468 468 468 553 468 468 553 553 553 553 553 553 553 553 468 468 47
468 468 468 468 468 468 468 468 553 47 553 468 468 468 468 553 468 468 553 47
468 468 553 47 553 468 468 553 553 553 553 553 553 47 553 468 468 468 468 47
468 468 47 553 553 468 468 47 553 468 468 47 553 47 553 468 468 553 47 553
468 468 468 468 468 468 553 553 553 553 553 47 553 468 468 468 468 468 468 47
47 553 553 468 468 553 468 468 468 468 553 553 47 553 468 468 468 468 47 553
468 468 553 468 468 553 553 553 553 468 468 468 468 468 468 468 468 47 553 553
553 468 468 553 468 468 468 468 47 553 47 553 468 468 553 468 468 553 468 468
468 468 553 553 553 553 553 468 468 468 468 553 468 468 468 468 47 553 468 468
47 553 553 468 468 468 468 553 468 468 553 468 468 553 468 468 553 468 468 553
553 553 553 47 553 468 468 468 468 553 468 468 468 468 553 468 468 553 468 468
47 553 468 468 47 553 468 468 553 468 468 553 468 468 253 553 553 553 553 553
134 599 553 553 134 599 136 368 553 553 553 226 669 235 539 47 515 640 515 640
547 515 640 515 640 545 235 539 235 539 547 515 640 235 539 134 599 553 47 553
553 553 553 553 553 533 515 640 551 235 539 551 134 599 553 134 599 551 134 599
226 669 554 618 539 370 247 235 539 226 669 235 539 377 554 83 547 338 554 33
547 235 539 539 259 545 235 539 378 554 464 464 159 539 539 547 288 554 53 299
554 57 547 382 515 640 545 235 539 47 515 640 554 235 539 515 640 515 640 545
235 539 47 515 640 554 235 539 539 259 545 235 539 47 515 640 515 640 515 640
136 368 553 177 547 539 259 319 515 640 554 235 539 134 599 553 47 553 553 553
553 553 35 247 651 539 648 515 640 553 553 553 134 599 539 259 39 539 259 545
554 706 547 457 554 235 539 554 553 553 235 539 134 599 47 553 553 553 553 553
553 553 529 134 599 551 235 539 553 649 551 472 468 468 47 553 553 553 553 47
468 468 468 468 468 468 468 468 468 468 553 553 553 553 553 553 553 553 553 553
553 468 468 468 468 468 468 468 468 468 468 47 553 468 468 468 468 553 468 468
553 468 468 468 468 47 553 47 553 553 553 553 553 553 553 553 468 468 468 468
468 468 468 468 553 468 468 553 553 468 468 553 468 468 553 468 468 468 468 553
468 468 468 468 553 47 553 47 553 553 553 553 47 553 468 468 468 468 468 468
553 553 553 468 468 468 468 468 468 468 468 468 468 553 468 468 47 553 47 553
553 553 553 468 468 47 553 47 553 553 47 553 468 468 468 468 553 553 468 468
468 468 468 468 468 468 47 553 468 468 553 47 553 47 553 47 553 553 468 468
553 553 468 468 468 468 553 553 47 553 468 468 553 468 468 553 468 468 468 468
468 468 468 468 553 468 468 553 468 468 553 468 468 553 553 468 468 553 553 553
468 468 47 553 47 553 468 468 47 553 468 468 553 468 468 468 468 468 468 553
553 468 468 47 553 47 553 468 468 553 468 468 553 468 468 553 468 468 553 553
468 468 553 553 468 468 553 468 468 553 468 468 468 468 468 468 47 553 47 553
553 553 468 468 468 468 468 468 468 468 47 553 47 253 553 553 553 553 553 553
136 368 553 134 599 136 368 553 553 553 226 669 235 539 47 515 640 554 235 539
515 640 515 640 545 235 539 235 539 547 515 640 235 539 134 599 553 47 553 553
553 553 553 554 553 533 235 539 134 599 551 134 599 553 134 599 551 134 599 553
539 539 539 539 539 539 136 368 226 669 554 618 539 370 247 235 539 226 669 558
547 377 554 83 547 338 554 33 547 378 554 464 464 159 539 539 547 288 554 53
547 299 554 57 547 382 515 640 545 235 539 47 515 640 554 235 539 515 640 554
226 669 235 539 47 515 640 554 235 539 539 259 545 235 539 47 515 640 515 640
554 235 539 553 553 177 547 539 259 319 226 669 554 651 547 515 640 235 539 553
497 515 640 136 368 47 553 553 553 553 553 39 547 539 259 553 553 553 134 599
226 669 554 709 547 457 554 235 539 554 553 553 235 539 134 599 47 553 553 553
553 553 553 553 529 134 599 551 235 539 553 649 551 472 468 468 47 553 553 553
553 468 468 468 468 468 468 468 468 468 468 553 47 553 553 553 553 553 553 553
553 553 553 468 468 468 468 47 553 468 468 468 468 553 468 468 553 468 468 47
468 468 553 468 468 47 553 468 468 468 468 553 553 553 553 553 553 553 468 468
468 468 468 468 468 468 468 468 553 468 468 468 468 47 553 468 468 553 468 468
468 468 553 468 468 47 553 553 553 553 553 553 553 553 47 553 468 468 468 468
468 468 468 468 468 468 553 47 553 468 468 468 468 553 468 468 553 47 553 47
468 468 47 553 553 468 468 553 553 553 553 553 47 553 468 468 468 468 553 47
47 553 468 468 553 468 468 47 553 468 468 468 468 553 468 468 468 468 553 47
553 553 553 553 468 468 468 468 553 553 47 553 468 468 468 468 553 468 468 553
553 468 468 468 468 468 468 468 468 47 553 468 468 47 553 468 468 553 553 47
468 468 47 553 553 553 553 553 468 468 47 553 468 468 468 468 468 468 468 468
553 468 468 468 468 553 468 468 553 468 468 553 553 468 468 468 468 553 553 47
47 553 553 553 553 553 468 468 553 468 468 468 468 468 468 468 468 553 553 47
468 468 47 553 468 468 553 47 553 468 468 47 553 553 468 468 253 553 553 553
553 134 599 553 553 134 599 136 368 553 553 553 226 669 235 539 47 515 640 554
235 539 226 669 515 640 235 539 554 235 539 547 515 640 235 539 134 599 553 47
553 553 553 553 553 553 533 515 640 551 235 539 551 134 599 553 134 599 136 368
226 669 554 618 539 370 247 235 539 226 669 235 539 377 554 83 547 338 554 33
547 235 539 539 259 545 235 539 378 554 464 464 159 539 539 547 288 554 53 299
554 57 382 515 640 545 235 539 47 515 640 554 235 539 515 640 515 640 35 247
547 47 515 640 554 235 539 539 259 545 235 539 47 515 640 554 235 539 515 640
136 368 553 177 539 259 35 247 651 547 515 640 235 539 553 496 515 640 136 368
47 553 553 553 553 553 539 259 553 553 553 319 515 640 551 39 136 368 553 558
547 134 599 553 47 553 553 553 553 553 226 669 554 710 136 368 529 134 599 551
457 554 235 539 554 235 539 553 649 551 472 468 468 47 553 553 553 553 468 468
468 468 468 468 468 468 553 553 47 553 468 468 553 553 553 553 553 553 553 553
468 468 468 468 468 468 468 468 468 468 47 553 468 468 47 553 468 468 47 553
468 468 468 468 553 468 468 553 553 553 553 553 553 553 553 468 468 468 468 47
468 468 468 468 468 468 553 468 468 553 468 468 47 553 468 468 553 468 468 553
468 468 553 468 468 553 553 553 553 553 553 468 468 468 468 468 468 468 468 47
468 468 468 468 468 468 468 468 468 468 468 468 468 468 553 553 553 468 468 47
468 468 468 468 468 468 553 468 468 553 47 553 468 468 468 468 553 468 468 47
468 468 468 468 553 553 553 553 553 553 553 553 468 468 468 468 553 468 468 553
468 468 468 468 468 468 553 468 468 468 468 553 553 553 468 468 468 468 47 553
468 468 47 553 553 553 553 553 47 553 468 468 468 468 468 468 468 468 553 553
47 553 468 468 468 468 553 468 468 47 553 468 468 47 553 468 468 47 553 47
553 47 553 553 553 553 47 553 468 468 468 468 47 553 468 468 47 553 468 468
553 468 468 47 553 468 468 47 553 468 468 553 468 468 553 468 468 553 47 553
47 553 553 553 468 468 253 553 553 134 599 553 553 134 599 136 368 553 553 553
226 669 235 539 47 515 640 554 235 539 515 640 515 640 545 235 539 235 539 547
515 640 235 539 134 599 553 47 553 553 553 553 553 553 533 515 640 551 235 539
226 669 554 673 539 370 247 235 539 515 640 35 247 618 539 648 515 640 35 247
709 547 457 554 235 539 554 235 539 515 640 545 235 539 47 515 640 554 235 539
515 640 226 669 235 539 235 539 539 259 545 235 539 235 539 539 259 235 539 553
553 226 669 235 539 235 539 547 515 640 545 235 539 235 539 547 235 539 553 553
226 669 554 618 539 370 247 235 539 235 539 545 553 235 539 377 554 83 547 338
554 33 547 378 554 464 464 159 539 539 287 554 53 299 554 57 547 382 515 640
545 235 539 47 515 640 554 235 539 515 640 515 640 545 235 539 47 515 640 554
235 539 539 259 545 235 539 47 515 640 515 640 554 235 539 553 553 177 539 539
226 669 554 651 319 235 539 496 515 640 515 640 235 539 553 539 259 551 47 553
553 553 553 553 553 553 553 553 134 599 39 539 259 35 247 710 547 457 515 640
539 259 553 553 235 539 134 599 553 47 553 553 553 553 553 553 529 134 599 551
235 539 553 649 551 472 468 468 47 553 553 553 553 468 468 468 468 468 468 47
468 468 468 468 553 553 553 553 553 553 553 553 553 553 553 468 468 468 468 47
468 468 468 468 468 468 553 468 468 553 468 468 47 553 468 468 468 468 553 47
47 553 553 553 553 553 553 553 468 468 468 468 468 468 468 468 468 468 47 553
468 468 47 553 468 468 47 553 468 468 553 468 468 553 468 468 47 553 47 553
553 553 553 553 553 553 468 468 468 468 468 468 468 468 468 468 553 47 553 47
553 468 468 468 468 553 468 468 553 468 468 553 468 468 553 553 468 468 553 553
553 553 47 553 468 468 468 468 468 468 553 468 468 553 468 468 47 553 468 468
47 553 553 553 468 468 47 553 468 468 47 553 468 468 553 553 468 468 553 553
47 553 468 468 553 468 468 468 468 468 468 553 553 553 468 468 468 468 468 468
468 468 47 553 468 468 468 468 553 468 468 553 47 553 553 553 553 553 47 553
468 468 468 468 553 468 468 553 553 519 553 134 599 553 553 134 599 136 368 553
553 553 226 669 235 539 47 515 640 554 235 539 515 640 545 235 539 235 539 547
558 235 539 134 599 47 553 553 553 553 553 553 553 134 599 235 539 551 134 599
226 669 554 673 539 370 247 235 539 515 640 35 247 618 539 648 515 640 35 247
709 547 457 554 235 539 554 235 539 515 640 545 235 539 47 515 640 554 235 539
515 640 226 669 235 539 235 539 547 515 640 545 235 539 235 539 539 259 235 539
553 553 226 669 235 539 235 539 547 515 640 545 235 539 235 539 547 235 539 553
553 226 669 554 618 539 370 247 235 539 235 539 545 553 235 539 377 554 83 547
338 554 33 547 235 539 539 259 545 235 539 378 554 464 464 159 539 539 547 287
554 53 547 299 554 57 547 382 515 640 545 235 539 47 515 640 554 235 539 554
515 640 226 669 235 539 47 515 640 554 235 539 539 259 35 247 235 539 47 554
515 640 554 235 539 553 553 177 547 539 259 35 247 651 539 648 515 640 319 554
515 640 235 539 553 539 259 551 47 553 553 553 553 553 553 553 553 553 134 599
39 539 259 35 247 705 547 457 554 235 539 554 553 553 235 539 134 599 553 47
553 553 553 553 553 553 529 134 599 551 235 539 553 649 551 472 468 468 47 553
553 553 553 468 468 468 468 468 468 468 468 47 553 553 553 468 468 553 553 553
553 553 553 553 553 468 468 468 468 468 468 468 468 47 553 468 468 553 468 468
468 468 553 468 468 47 553 553 553 47 553 468 468 468 468 553 553 553 553 553
468 468 468 468 468 468 468 468 468 468 553 468 468 553 553 553 468 468 553 47
468 468 47 553 468 468 468 468 47 553 47 553 553 553 553 553 468 468 468 468
468 468 47 553 553 553 468 468 468 468 468 468 47 553 468 468 553 468 468 47
553 553 468 468 468 468 553 553 553 553 553 468 468 468 468 553 468 468 47 553
468 468 47 553 468 468 47 553 468 468 47 553 468 468 553 47 553 468 468 47
468 468 553 553 553 553 553 47 553 468 468 468 468 468 468 47 553 468 468 47
553 553 468 468 553 468 468 468 468 553 553 468 468 468 468 553 468 468 47 553
47 553 553 553 553 47 553 468 468 468 468 553 47 553 468 468 47 519 553 553
553 134 599 553 553 134 599 136 368 553 553 553 226 669 235 539 47 515 640 554
235 539 515 640 545 235 539 235 539 539 259 235 539 134 599 553 47 553 553 553
551 226 669 554 673 539 370 247 235 539 515 640 35 247 618 539 648 515 640 545
554 713 547 457 554 235 539 554 235 539 515 640 545 235 539 47 515 640 515 640
547 515 640 226 669 235 539 235 539 547 515 640 545 235 539 235 539 547 235 539
553 553 226 669 235 539 235 539 547 515 640 545 235 539 235 539 547 235 539 553
553 226 669 554 618 539 370 247 235 539 235 539 545 553 235 539 377 554 83 547
338 554 33 547 378 554 464 464 159 539 539 547 287 554 53 547 299 554 57 547
382 515 640 545 235 539 47 515 640 554 235 539 515 640 515 640 545 235 539 47
515 640 554 235 539 539 259 545 235 539 47 515 640 515 640 554 235 539 553 553
177 547 539 259 319 226 669 554 651 515 640 235 539 134 599 496 515 640 136 368
47 553 553 553 553 553 539 259 39 136 368 553 553 134 599 226 669 554 705 547
553 553 235 539 553 457 554 235 539 134 599 553 47 553 553 553 553 553 553 529
134 599 551 235 539 553 649 551 472 468 468 47 553 553 553 553 468 468 468 468
468 468 468 468 468 468 47 553 553 553 553 553 553 553 553 553 553 553 468 468
468 468 468 468 468 468 468 468 468 468 553 468 468 553 468 468 468 468 553 47
468 468 553 468 468 553 553 553 553 553 553 553 553 468 468 468 468 468 468 47
468 468 468 468 553 468 468 553 468 468 468 468 553 468 468 47 553 468 468 553
553 468 468 553 553 553 553 553 553 47 553 468 468 468 468 468 468 468 468 553
468 468 553 468 468 553 553 468 468 553 468 468 468 468 47 553 468 468 47 553
47 553 47 553 553 553 553 47 553 468 468 468 468 468 468 553 553 47 553 47
468 468 553 468 468 468 468 468 468 553 468 468 553 553 553 468 468 468 468 553
468 468 553 553 553 47 553 468 468 468 468 468 468 553 553 468 468 553 468 468
468 468 553 553 468 468 553 468 468 468 468 468 468 553 468 468 553 553 553 553
468 468 553 468 468 468 468 47 553 47 519 553 553 553 134 599 553 553 134 599
553 134 599 553 553 226 669 235 539 47 515 640 554 235 539 515 640 545 235 539
235 539 539 259 235 539 134 599 553 47 553 553 553 553 553 553 134 599 235 539
226 669 554 673 539 370 247 235 539 515 640 35 247 618 539 648 515 640 35 247
706 547 457 554 235 539 554 235 539 515 640 545 235 539 47 515 640 554 235 539
515 640 226 669 235 539 235 539 547 515 640 545 235 539 235 539 547 235 539 553
553 226 669 235 539 235 539 547 515 640 545 235 539 235 539 547 235 539 553 553
226 669 554 618 539 370 247 235 539 226 669 235 539 377 554 83 547 338 554 33
547 378 554 464 464 159 539 539 287 554 53 547 299 554 57 547 382 515 640 545
235 539 47 515 640 554 235 539 515 640 545 235 539 47 515 640 554 235 539 547
515 640 545 235 539 47 515 640 515 640 235 539 553 553 177 547 539 259 35 247
651 319 515 640 235 539 496 515 640 235 539 134 599 47 553 553 553 553 553 553
539 259 39 136 368 553 553 134 599 226 669 554 707 547 457 554 235 539 554 553
553 235 539 134 599 553 47 553 553 553 553 553 553 529 134 599 551 235 539 553
649 551 472 468 468 47 553 553 553 553 468 468 468 468 468 468 468 468 47 553
553 47 553 47 553 553 553 553 553 553 553 553 468 468 468 468 468 468 468 468
468 468 553 468 468 47 553 468 468 47 553 468 468 468 468 553 468 468 47 553
553 553 553 553 553 553 553 468 468 468 468 468 468 468 468 468 468 47 553 47
468 468 47 553 468 468 47 553 47 553 468 468 47 553 47 553 47 553 553 553
553 553 553 468 468 468 468 468 468 468 468 47 553 553 468 468 553 468 468 553
468 468 553 468 468 553 468 468 553 468 468 553 468 468 553 553 468 468 553 553
553 468 468 468 468 468 468 47 553 47 553 468 468 47 553 468 468 47 553 553
468 468 468 468 468 468 47 553 47 553 553 553 468 468 553 553 553 47 553 47
468 468 468 468 468 468 47 553 468 468 553 553 47 553 47 553 468 468 468 468
468 468 553 468 468 468 468 553 47 553 47 553 553 553 553 47 553 468 468 47
468 468 47 553 553 519 553 553 134 599 553 553 134 599 136 368 553 553 553 558
545 235 539 47 515 640 554 235 539 515 640 545 235 539 235 539 539 259 235 539
134 599 553 47 553 553 553 553 553 553 134 599 235 539 551 134 599 134 599 553
226 669 554 673 539 370 247 235 539 515 640 35 247 618 539 648 515 640 35 247
709 547 457 554 235 539 554 235 539 515 640 545 235 539 47 515 640 554 235 539
515 640 226 669 235 539 235 539 547 515 640 545 235 539 235 539 547 235 539 553
553 226 669 235 539 235 539 547 515 640 545 235 539 235 539 547 235 539 553 553
226 669 554 618 539 370 247 235 539 235 539 545 553 235 539 377 554 83 547 338
554 33 547 378 554 464 464 159 539 539 547 288 554 53 299 554 57 382 515 640
545 235 539 47 515 640 554 235 539 515 640 515 640 545 235 539 47 515 640 554
235 539 539 259 545 235 539 47 515 640 515 640 554 235 539 553 553 177 539 539
226 669 554 651 539 370 247 235 539 554 319 515 640 554 235 539 134 599 47 553
553 553 553 553 553 39 136 368 553 553 134 599 226 669 554 712 547 457 515 640
539 259 553 553 235 539 134 599 553 47 553 553 553 553 553 553 529 134 599 551
235 539 553 649 551 472 468 468 47 553 553 553 553 468 468 468 468 468 468 47
468 468 468 468 553 553 553 553 553 553 553 553 553 553 553 468 468 468 468 47
468 468 468 468 553 468 468 553 468 468 47 553 468 468 468 468 47 553 468 468
468 468 553 553 553 553 553 553 553 553 468 468 468 468 468 468 468 468 468 468
468 468 553 468 468 553 468 468 47 553 468 468 47 553 468 468 553 468 468 553
553 553 553 553 553 553 468 468 468 468 468 468 468 468 47 553 47 553 47 553
468 468 553 468 468 553 468 468 468 468 553 47 553 47 553 468 468 553 468 468
553 553 553 553 468 468 468 468 468 468 553 468 468 553 47 553 47 553 468 468
553 553 468 468 468 468 468 468 468 468 553 47 553 47 553 47 553 47 553 553
47 553 468 468 468 468 468 468 553 468 468 47 553 47 553 553 553 468 468 47
468 468 47 553 553 468 468 468 468 553 468 468 468 468 553 553 553 553 47 553
468 468 468 468 468 468 519 553 553 553 553 134 599 553 553 134 599 136 368 553
553 553 226 669 235 539 47 515 640 554 235 539 515 640 545 235 539 235 539 547
558 235 539 134 599 47 553 553 553 553 553 553 553 134 599 235 539 551 134 599
226 669 554 673 539 370 247 235 539 235 539 553 226 669 554 618 539 648 515 640
35 247 710 539 259 457 554 235 539 235 539 515 640 545 235 539 47 515 640 554
235 539 226 669 235 539 554 235 539 235 539 515 640 545 235 539 235 539 539 259
136 368 553 226 669 235 539 235 539 547 515 640 545 235 539 235 539 547 235 539
553 553 226 669 554 618 539 370 247 235 539 226 669 235 539 377 554 83 547 338
554 33 547 378 554 464 464 159 539 539 547 287 554 53 547 299 554 57 547 382
515 640 545 235 539 47 515 640 554 235 539 515 640 515 640 545 235 539 47 554
515 640 235 539 539 259 545 235 539 47 515 640 515 640 554 235 539 553 553 177
547 539 259 35 247 651 539 370 247 235 539 515 640 554 235 539 553 319 134 599
553 47 553 553 553 553 553 553 553 553 134 599 39 539 259 35 247 709 547 457
553 553 515 640 235 539 235 539 134 599 47 553 553 553 553 553 553 553 529 554
298 136 235 539 553 649 551 472 468 468 47 553 553 553 553 468 468 468 468 47
468 468 468 468 47 553 553 47 553 553 553 553 553 553 553 553 553 468 468 47
468 468 468 468 468 468 468 468 47 553 468 468 553 468 468 47 553 468 468 47
47 553 468 468 553 553 468 468 468 468 468 468 468 468 47 553 468 468 553 47
553 553 553 553 47 553 468 468 468 468 468 468 468 468 468 468 553 468 468 47
47 553 468 468 47 553 468 468 468 468 553 468 468 47 553 553 553 553 553 553
553 553 47 553 468 468 468 468 468 468 468 468 468 468 553 468 468 553 468 468
468 468 553 47 553 468 468 47 553 468 468 553 468 468 553 553 553 553 553 553
47 553 468 468 468 468 47 553 468 468 468 468 47 553 468 468 553 553 468 468
553 468 468 468 468 553 553 468 468 553 468 468 47 553 47 553 553 553 468 468
468 468 468 468 47 553 47 553 468 468 47 553 468 468 553 553 468 468 47 553
468 468 519 553 553 553 553 134 599 553 553 134 599 553 134 599 553 553 226 669
235 539 47 515 640 554 235 539 515 640 545 235 539 235 539 539 259 235 539 553
136 368 47 553 553 553 553 553 553 134 599 235 539 551 134 599 134 599 134 599
136 368 226 669 554 673 539 370 247 235 539 515 640 35 247 618 539 648 515 640
35 247 707 547 457 554 235 539 554 235 539 515 640 545 235 539 47 515 640 554
235 539 515 640 515 640 545 235 539 235 539 539 259 545 515 640 235 539 515 640
547 539 259 235 539 553 553 226 669 235 539 235 539 547 515 640 515 640 35 247
547 235 539 539 259 235 539 553 553 226 669 554 618 539 370 247 235 539 226 669
235 539 377 554 83 547 338 554 33 547 235 539 539 259 545 235 539 378 554 464
464 159 539 539 547 288 554 53 299 554 57 382 515 640 545 235 539 47 515 640
554 235 539 515 640 515 640 545 235 539 47 515 640 554 235 539 539 259 35 247
547 47 515 640 515 640 554 235 539 553 553 177 547 539 259 35 247 651 319 554
515 640 235 539 134 599 553 47 553 553 553 553 134 599 370 247 235 539 554 553
553 553 134 599 39 136 368 553 235 539 134 599 553 47 553 553 553 553 553 553
553 134 599 551 226 669 554 712 547 457 554 235 539 554 235 539 553 649 551 472
468 468 47 553 553 553 553 468 468 468 468 468 468 468 468 47 553 553 47 553
47 553 553 553 553 553 553 553 553 468 468 468 468 468 468 468 468 468 468 47
47 553 468 468 553 468 468 553 468 468 468 468 553 468 468 47 553 553 553 553
553 553 553 553 468 468 468 468 468 468 468 468 468 468 47 553 468 468 553 47
468 468 47 553 468 468 553 468 468 553 468 468 553 47 553 553 553 553 553 553
468 468 468 468 468 468 468 468 47 553 468 468 553 468 468 553 468 468 553 47
47 553 468 468 553 468 468 553 468 468 553 553 553 553 468 468 553 553 468 468
468 468 468 468 468 468 468 468 553 553 553 468 468 468 468 468 468 47 553 553
47 553 468 468 553 553 553 468 468 553 553 468 468 553 47 553 468 468 468 468
468 468 553 553 553 468 468 468 468 468 468 468 468 47 553 468 468 468 468 47
553 468 468 553 553 553 47 553 47 553 553 553 47 553 468 468 468 468 468 468
553 553 553 468 468 468 468 468 468 553 468 468 553 47 553 468 468 47 553 47
47 553 468 468 553 468 468 553 553 553 47 553 468 468 47 553 468 468 47 553
553 468 468 468 468 468 468 468 468 47 553 468 468 47 553 468 468 468 468 253
553 553 553 553 553 553 553 134 599 553 553 134 599 553 134 599 553 553 226 669
235 539 47 515 640 554 235 539 515 640 515 640 545 235 539 235 539 547 515 640
235 539 134 599 553 47 553 553 553 553 553 553 533 515 640 551 235 539 136 368
226 669 554 673 539 370 247 235 539 515 640 35 247 618 539 648 515 640 35 247
707 547 457 554 235 539 554 235 539 515 640 545 235 539 47 515 640 554 235 539
226 669 235 539 235 539 547 515 640 515 640 515 640 226 669 235 539 235 539 547
554 235 539 553 134 599 553 226 669 235 539 235 539 547 515 640 515 640 35 247
547 235 539 539 259 235 539 553 553 226 669 554 618 539 370 247 235 539 226 669
235 539 377 554 83 547 338 554 33 547 235 539 539 259 545 235 539 378 554 464
464 159 539 539 547 287 554 53 299 554 57 382 515 640 545 235 539 47 515 640
554 235 539 515 640 515 640 545 235 539 47 515 640 554 235 539 539 259 35 247
547 47 515 640 515 640 554 235 539 553 553 177 547 539 259 319 226 669 554 651
539 648 515 640 515 640 235 539 134 599 47 553 553 553 553 553 553 539 259 39
136 368 553 553 134 599 553 553 235 539 134 599 553 47 553 553 553 553 553 553
529 134 599 226 669 554 705 547 551 457 554 235 539 554 235 539 553 649 551 472
468 468 47 553 553 553 553 468 468 468 468 468 468 468 468 468 468 47 553 553
553 553 553 553 553 553 553 553 553 468 468 468 468 468 468 468 468 468 468 47
47 553 468 468 47 553 468 468 47 553 468 468 468 468 553 47 553 553 553 553
553 553 553 553 468 468 468 468 468 468 468 468 468 468 47 553 468 468 47 553
468 468 553 468 468 553 468 468 553 553 47 553 468 468 47 553 553 553 553 553
47 553 468 468 468 468 468 468 47 553 468 468 553 47 553 468 468 553 468 468
553 468 468 47 553 47 553 468 468 47 553 468 468 47 553 553 553 553 47 553
468 468 468 468 468 468 47 553 47 553 468 468 47 553 47 553 468 468 553 47
47 553 553 47 553 47 553 468 468 468 468 468 468 553 553 553 47 553 468 468
468 468 468 468 553 468 468 468 468 553 553 468 468 468 468 553 468 468 553 553
47 553 47 553 468 468 553 468 468 553 468 468 553 553 468 468 47 553 468 468
468 468 468 468 468 468 553 47 553 468 468 47 553 47 553 468 468 553 47 553
47 553 468 468 553 47 553 468 468 553 553 553 468 468 468 468 47 553 47 553
468 468 468 468 553 468 468 47 553 468 468 47 553 468 468 47 553 468 468 47
253 553 553 553 553 553 553 134 599 553 553 134 599 136 368 553 553 553 226 669
235 539 47 515 640 554 235 539 515 640 515 640 545 235 539 235 539 547 515 640
235 539 134 599 553 47 553 553 553 553 553 553 533 515 640 551 235 539 136 368
226 669 554 673 539 370 247 235 539 134 599 515 640 35 247 618 539 648 515 640
35 247 713 547 457 554 235 539 554 235 539 515 640 545 235 539 47 515 640 554
235 539 226 669 235 539 235 539 539 259 545 515 640 554 235 539 554 235 539 553
134 599 235 539 515 640 515 640 545 235 539 235 539 547 515 640 515 640 35 247
547 235 539 539 259 235 539 553 553 226 669 554 618 539 370 247 235 539 226 669
235 539 377 554 83 547 338 554 33 547 235 539 539 259 545 235 539 378 554 464
464 159 539 539 547 287 554 53 299 554 57 382 515 640 545 235 539 47 515 640
554 235 539 515 640 545 235 539 47 515 640 554 235 539 539 259 545 235 539 47
515 640 515 640 554 235 539 553 553 177 547 539 259 35 247 651 319 235 539 554
554 496 515 640 235 539 134 599 47 553 553 553 553 553 553 539 259 39 136 368
553 553 134 599 553 553 235 539 134 599 47 553 553 553 553 553 553 553 529 554
298 136 226 669 554 706 547 457 554 235 539 554 235 539 553 649 551 472 468 468
47 553 553 553 553 468 468 468 468 468 468 468 468 47 553 468 468 553 553 553
553 553 553 553 553 553 553 468 468 468 468 468 468 468 468 468 468 47 553 47
47 553 468 468 468 468 553 468 468 468 468 553 468 468 553 553 553 553 553 553
553 553 468 468 468 468 468 468 468 468 468 468 47 553 468 468 553 468 468 47
553 468 468 47 553 47 553 47 553 468 468 47 553 553 553 553 553 553 47 553
468 468 468 468 468 468 468 468 553 468 468 553 468 468 468 468 47 553 47 553
47 553 468 468 47 553 468 468 553 468 468 553 553 553 553 553 47 553 468 468
468 468 468 468 468 468 468 468 47 553 47 553 468 468 553 468 468 553 468 468
553 47 553 468 468 47 553 468 468 553 553 553 553 553 47 553 468 468 468 468
468 468 47 553 47 553 468 468 47 553 468 468 47 553 47 553 468 468 47 553
468 468 553 468 468 553 468 468 553 553 553 553 468 468 468 468 468 468 468 468
47 553 47 553 47 553 468 468 553 468 468 553 468 468 468 468 553 468 468 47
468 468 553 47 553 553 553 553 553 553 468 468 468 468 468 468 553 47 553 47
468 468 553 468 468 553 553 468 468 47 553 468 468 468 468 47 553 47 553 47
253 553 553 553 553 134 599 553 553 134 599 136 368 553 553 553 226 669 235 539
47 515 640 554 235 539 226 669 235 539 515 640 554 235 539 547 515 640 235 539
134 599 553 47 553 553 553 553 553 553 533 515 640 551 235 539 551 134 599 553
226 669 554 673 539 370 247 235 539 515 640 35 247 618 539 648 515 640 35 247
705 547 457 554 235 539 554 235 539 515 640 545 235 539 47 515 640 554 235 539
226 669 235 539 235 539 547 515 640 515 640 515 640 226 669 235 539 235 539 547
554 235 539 553 553 226 669 235 539 235 539 547 515 640 515 640 545 235 539 554
547 539 259 235 539 553 553 226 669 554 618 539 370 247 235 539 235 539 545 553
235 539 377 554 83 547 338 554 33 547 378 554 464 464 159 539 539 547 287 554
53 547 299 554 57 547 382 515 640 545 235 539 47 515 640 554 235 539 515 640
515 640 545 235 539 47 515 640 554 235 539 539 259 545 235 539 47 515 640 554
515 640 235 539 553 553 177 547 539 259 35 247 651 539 648 515 640 319 515 640
554 235 539 553 539 259 136 368 47 553 553 553 553 553 553 553 553 134 599 39
539 259 35 247 706 547 457 554 235 539 554 235 539 553 649 551 472 468 468 47
553 553 553 553 468 468 468 468 468 468 468 468 553 553 553 553 553 553 553 553
468 468 47 553 553 553 468 468 468 468 468 468 468 468 468 468 47 553 468 468
47 553 468 468 47 553 553 553 468 468 468 468 468 468 553 468 468 468 468 47
468 468 468 468 47 553 553 468 468 553 553 553 553 47 553 468 468 468 468 47
468 468 468 468 47 553 468 468 468 468 47 553 468 468 553 468 468 468 468 553
468 468 47 553 553 553 553 553 553 553 553 47 553 468 468 468 468 468 468 47
468 468 47 553 468 468 468 468 553 468 468 553 553 468 468 47 553 468 468 553
47 553 468 468 553 553 553 553 553 47 553 468 468 468 468 553 468 468 468 468
553 468 468 468 468 553 47 553 468 468 553 468 468 468 468 553 47 553 553 47
468 468 47 553 553 553 553 468 468 468 468 468 468 47 553 47 553 468 468 47
553 468 468 468 468 553 553 553 468 468 553 468 468 47 553 468 468 47 553 553
553 468 468 553 134 599 553 468 468 468 468 468 468 553 468 468 468 468 468 468
553 553 47 553 468 468 553 47 553 468 468 468 468 553 468 468 553 553 553 47
47 553 553 47 553 468 468 468 468 47 553 468 468 47 553 47 253 553 553 553
134 599 553 134 599 553 553 226 669 235 539 47 515 640 554 235 539 515 640 554
226 669 235 539 235 539 547 515 640 235 539 134 599 553 47 553 553 553 553 553
553 533 515 640 551 235 539 136 368 553 235 539 134 599 553 553 134 599 298 136
551 134 599 553 134 599 136 368 134 599 551 134 599 134 599 553 134 599 136 368
226 669 554 618 539 370 247 235 539 235 539 545 553 235 539 377 554 83 547 338
554 33 547 235 539 539 259 545 235 539 378 554 464 464 159 539 539 547 287 554
53 299 554 57 382 515 640 545 235 539 47 515 640 554 235 539 515 640 515 640
545 235 539 47 515 640 554 235 539 539 259 545 235 539 47 515 640 515 640 554
235 539 553 553 177 539 539 319 515 640 554 235 539 134 599 553 47 553 553 553
553 553 226 669 554 651 553 553 553 235 539 551 496 515 640 39 539 539 515 640
35 247 707 136 368 553 235 539 134 599 553 47 553 553 553 553 553 553 457 554
554 529 547 515 640 298 136 235 539 553 649 551 472 468 468 47 553 553 553 553
468 468 468 468 468 468 468 468 47 553 553 47 553 47 553 553 553 553 553 553
553 553 468 468 468 468 468 468 468 468 468 468 553 468 468 468 468 468 468 553
468 468 553 468 468 468 468 553 47 553 553 553 553 553 553 553 553 468 468 47
468 468 468 468 468 468 468 468 553 468 468 468 468 553 468 468 553 468 468 47
553 47 553 468 468 47 553 553 553 553 553 553 553 47 553 468 468 468 468 47
468 468 47 553 468 468 553 553 468 468 47 553 468 468 47 553 468 468 553 47
468 468 47 553 468 468 553 553 553 553 553 47 553 468 468 468 468 468 468 553
468 468 553 553 468 468 553 468 468 553 468 468 468 468 553 468 468 553 553 553
468 468 468 468 468 468 553 553 553 47 553 468 468 468 468 468 468 468 468 553
468 468 553 468 468 553 553 553 468 468 553 468 468 553 468 468 553 468 468 553
468 468 47 553 47 553 553 468 468 468 468 47 553 47 519 553 553 553 134 599
553 553 134 599 136 368 553 553 553 226 669 235 539 47 515 640 554 235 539 554
226 669 235 539 235 539 539 259 235 539 134 599 553 47 553 553 553 553 553 553
226 669 554 618 539 370 247 235 539 235 539 545 553 235 539 377 554 83 547 338
554 33 547 235 539 539 259 545 235 539 378 554 464 464 159 539 539 547 287 554
53 299 554 57 547 382 515 640 545 235 539 47 515 640 554 235 539 515 640 554
226 669 235 539 47 515 640 554 235 539 539 259 235 539 553 553 177 539 259 545
235 539 47 515 640 554 235 539 319 515 640 35 247 651 39 539 539 496 515 640
554 235 539 554 235 539 134 599 553 47 553 553 553 553 553 553 553 553 134 599
226 669 554 717 547 457 554 235 539 554 553 553 235 539 134 599 553 47 553 553
553 553 553 553 553 134 599 551 235 539 553 649 551 472 468 468 47 553 553 553
553 468 468 468 468 468 468 468 468 468 468 553 47 553 553 553 553 553 553 553
553 553 553 468 468 468 468 468 468 468 468 468 468 468 468 553 47 553 468 468
468 468 553 468 468 47 553 468 468 47 553 553 553 553 553 553 553 553 468 468
468 468 468 468 468 468 468 468 553 468 468 47 553 468 468 468 468 47 553 47
553 468 468 47 553 553 468 468 553 553 553 553 553 553 47 553 468 468 468 468
468 468 468 468 468 468 553 468 468 468 468 553 468 468 468 468 468 468 553 553
468 468 468 468 553 553 553 553 553 553 553 553 47 553 468 468 468 468 553 553
468 468 468 468 553 553 468 468 468 468 468 468 468 468 47 553 468 468 47 553
468 468 468 468 553 553 553 553 553 553 468 468 468 468 47 553 553 468 468 553
468 468 468 468 468 468 468 468 553 553 468 468 553 553 553 468 468 468 468 47
468 468 47 553 553 553 553 553 468 468 468 468 553 553 468 468 553 519 553 553
136 368 553 134 599 553 134 599 553 553 226 669 235 539 47 515 640 554 235 539
515 640 545 235 539 235 539 539 259 235 539 134 599 47 553 553 553 553 553 553
539 539 136 368 226 669 554 673 539 370 247 235 539 515 640 35 247 618 539 648
515 640 35 247 722 547 457 554 235 539 554 235 539 515 640 545 235 539 47 554
515 640 235 539 515 640 226 669 235 539 235 539 547 515 640 545 235 539 235 539
547 235 539 553 553 226 669 235 539 235 539 547 515 640 545 235 539 235 539 547
235 539 553 553 226 669 554 618 539 370 247 235 539 226 669 235 539 377 554 83
547 338 554 33 547 378 554 464 464 159 539 539 547 287 554 53 547 299 554 57
547 382 515 640 545 235 539 47 515 640 554 235 539 515 640 515 640 545 235 539
47 515 640 554 235 539 539 259 545 235 539 47 515 640 515 640 554 235 539 553
553 177 547 539 259 35 247 651 319 235 539 496 515 640 515 640 235 539 134 599
553 47 553 553 553 553 553 539 259 553 553 553 134 599 39 539 259 35 247 709
547 457 554 235 539 554 553 553 235 539 134 599 553 47 553 553 553 553 553 553
529 134 599 551 235 539 553 649 551 472 468 468 47 553 553 553 553 468 468 47
468 468 468 468 468 468 468 468 553 553 553 553 553 553 553 553 553 553 553 47
468 468 468 468 468 468 468 468 47 553 468 468 47 553 47 553 468 468 47 553
468 468 468 468 553 468 468 553 468 468 468 468 468 468 468 468 468 468 553 47
47 553 553 553 553 553 47 553 468 468 468 468 468 468 468 468 468 468 553 47
468 468 47 553 468 468 553 468 468 47 553 468 468 468 468 553 47 553 553 553
553 553 553 553 47 553 468 468 468 468 468 468 468 468 468 468 553 468 468 47
468 468 553 47 553 47 553 468 468 468 468 553 468 468 553 47 553 553 553 553
553 553 47 553 468 468 468 468 468 468 47 553 47 553 553 47 553 468 468 47
468 468 553 47 553 468 468 468 468 553 468 468 47 553 468 468 553 553 553 553
468 468 468 468 47 553 553 468 468 468 468 553 553 468 468 468 468 468 468 47
47 553 47 519 553 553 553 553 553 134 599 553 553 134 599 553 553 134 599 553
226 669 235 539 47 515 640 554 235 539 515 640 545 235 539 235 539 539 259 554
547 134 599 553 47 553 553 553 553 553 553 134 599 235 539 551 134 599 134 599
226 669 554 673 539 370 247 235 539 515 640 35 247 618 226 669 554 709 539 539
370 247 457 554 235 539 554 235 539 515 640 545 235 539 47 515 640 554 235 539
515 640 226 669 235 539 235 539 547 515 640 545 235 539 235 539 547 235 539 553
553 226 669 235 539 235 539 547 515 640 545 235 539 235 539 547 235 539 553 553
226 669 554 618 539 370 247 235 539 235 539 545 553 235 539 377 554 83 547 338
554 33 547 378 554 464 464 159 539 539 547 287 554 53 299 554 57 382 515 640
545 235 539 47 515 640 554 235 539 515 640 515 640 545 235 539 47 515 640 554
235 539 539 259 545 235 539 47 515 640 515 640 554 235 539 553 553 177 539 539
226 669 554 651 539 648 515 640 319 515 640 554 235 539 134 599 47 553 553 553
553 553 553 539 259 553 553 553 134 599 39 539 259 35 247 709 547 457 515 640
539 259 553 553 235 539 134 599 553 47 553 553 553 553 553 553 529 134 599 551
235 539 553 649 551 472 468 468 47 553 553 553 553 468 468 468 468 468 468 47
47 553 47 553 47 553 553 47 553 553 553 553 553 553 553 468 468 468 468 47
468 468 468 468 47 553 468 468 553 468 468 468 468 553 468 468 468 468 553 47
468 468 553 553 468 468 468 468 468 468 468 468 468 468 553 468 468 553 553 553
553 553 47 553 468 468 468 468 468 468 468 468 468 468 47 553 468 468 468 468
553 468 468 553 468 468 468 468 553 468 468 47 553 553 553 553 553 553 553 553
47 553 468 468 468 468 468 468 468 468 468 468 47 553 468 468 47 553 468 468
553 553 553 553 553 553 468 468 468 468 468 468 468 468 553 553 553 553 47 553
468 468 468 468 468 468 468 468 47 553 468 468 47 553 553 553 553 553 468 468
468 468 468 468 468 468 47 553 468 468 47 553 553 553 553 553 468 468 468 468
468 468 47 553 468 468 553 47 553 468 468 553 47 553 553 468 468 468 468 47
519 553 553 553 553 134 599 553 553 134 599 553 134 599 553 553 226 669 235 539
47 515 640 554 235 539 515 640 545 235 539 235 539 539 259 235 539 134 599 47
553 553 553 553 553 553 553 134 599 235 539 551 134 599 134 599 134 599 134 599
