1568 1380 1568 1594 1454 1454 1428 1568 1380 1568 1380 1568 1618 1454 1454 1393 1601 1454 1454 1429
1568 1380 1568 1618 1454 1454 1393 1601 1454 1454 1429 1649 1454 1454 1429 1568 1411 1568 1402 1568
1568 1380 1568 1380 1568 1380 1568 1380 1568 1618 1454 1454 1393 1601 1454 1454 1429 1649 1454 1454
1568 1380 1568 1594 1454 1454 1428 1568 1380 1568 1380 1568 1618 1454 1454 1393 1601 1454 1454 1429
1568 1380 1568 1380 1568 1380 1568 1618 1454 1454 1393 1601 1454 1454 1429 1649 1454 1454 1429 1568
1568 1380 1568 1380 1568 1618 1454 1454 1393 1601 1454 1454 1429 1649 1454 1454 1429 1568 1411 1568
1380 1568 1380 1568 1618 1454 1454 1393 1601 1454 1454 1429 1649 1454 1454 1429 1568 1411 1568 1402
1568 1380 1568 1618 1454 1454 1393 1601 1454 1454 1429 1649 1454 1454 1429 1568 1411 1568 1402 1568
1568 1380 1568 1618 1454 1454 1393 1601 1454 1454 1429 1649 1454 1454 1429 1568 1411 1568 1402 1568
1568 1380 1568 1618 1454 1454 1393 1601 1454 1454 1429 1649 1454 1454 1429 1568 1411 1568 1402 1568
1568 1380 1568 1618 1454 1454 1393 1601 1454 1454 1429 1649 1454 1454 1429 1568 1411 1568 1402 1568
1568 1393 1568 1380 1568 1380 1568 1380 1568 1380 1568 1380 1568 1380 1568 1380 1568 1618 1454 1454
1393 1601 1454 1454 1429 1649 1454 1454 1429 1568 1411 1568 1402 1568 1607 1454 1454 1429 1568 1594
1568 1380 1568 1618 1454 1454 1393 1601 1454 1454 1429 1649 1454 1454 1429 1568 1411 1568 1402 1568
1568 1618 1454 1454 1393 1601 1454 1454 1429 1649 1454 1454 1429 1568 1411 1568 1614 1454 1454 1429
1568 1409 1568 1614 1454 1454 1429 1568 1402 1568 1607 1454 1454 1409 1568 1429 1568 1605 1454 1454
1429 1568 1411 1568 1605 1454 1454 1429 1597 1454 1454 1429 1568 1393 1568 1380 1568 1380 1568 1380
1568 1618 1454 1454 1393 1601 1454 1454 1429 1649 1454 1454 1429 1568 1411 1568 1402 1568 1607 1454
1568 1618 1454 1454 1393 1601 1454 1454 1429 1649 1454 1454 1429 1568 1411 1568 1614 1454 1454 1429
1568 1409 1568 1614 1454 1454 1429 1568 1402 1568 1409 1568 1607 1454 1454 1429 1568 1605 1454 1454
1429 1568 1411 1568 1605 1454 1454 1429 1597 1454 1454 1429 1568 1393 1568 1380 1568 1380 1568 1380
1568 1618 1454 1454 1393 1601 1454 1454 1429 1649 1454 1454 1429 1568 1411 1568 1402 1568 1607 1454
1568 1618 1454 1454 1393 1601 1454 1454 1429 1649 1454 1454 1429 1568 1411 1568 1614 1454 1454 1429
1568 1409 1568 1614 1454 1454 1402 1429 1568 1568 1409 1568 1607 1454 1454 1429 1568 1605 1454 1454
1429 1568 1411 1568 1605 1454 1454 1429 1597 1454 1454 1429 1568 1393 1568 1380 1568 1380 1568 1380
1568 1618 1454 1454 1393 1601 1454 1454 1429 1649 1454 1454 1429 1568 1411 1568 1402 1568 1607 1454
1393 1601 1454 1454 1429 1649 1454 1454 1429 1568 1411 1568 1614 1454 1454 1429 1409 1568 1568 1614
1454 1454 1429 1568 1402 1568 1409 1568 1607 1454 1454 1429 1568 1605 1454 1454 1429 1568 1411 1568
1605 1454 1454 1429 1597 1454 1454 1429 1568 1393 1568 1380 1568 1380 1568 1380 1568 1618 1454 1454
1393 1601 1454 1454 1429 1649 1454 1454 1429 1568 1411 1568 1402 1568 1607 1454 1454 1429 1568 1594
1568 1401 1568 1607 1454 1454 1429 1568 1393 1568 1380 1568 1618 1454 1454 1393 1601 1454 1454 1429
1649 1454 1454 1429 1568 1411 1568 1614 1454 1454 1429 1568 1409 1568 1614 1454 1454 1429 1568 1402
1568 1409 1568 1607 1454 1454 1429 1568 1605 1454 1454 1429 1568 1411 1568 1605 1454 1454 1429 1597
1454 1454 1429 1568 1393 1568 1380 1568 1380 1568 1380 1568 1618 1454 1454 1393 1601 1454 1454 1429
1607 1454 1417 1568 1410 1568 1401 1568 1607 1454 1454 1429 1568 1393 1568 1594 1454 1454 1428 1568
1380 1568 1618 1454 1454 1393 1568 1601 1454 1454 1429 1649 1454 1454 1429 1568 1411 1568 1614 1454
1454 1429 1568 1409 1568 1614 1454 1454 1429 1402 1568 1568 1409 1568 1607 1454 1454 1429 1568 1605
1454 1454 1429 1568 1411 1568 1605 1454 1454 1429 1597 1454 1454 1429 1568 1393 1568 1380 1568 1380
1568 1380 1568 1618 1454 1454 1393 1601 1454 1454 1429 1649 1454 1454 1429 1568 1411 1568 1402 1568
1601 1454 1429 1649 1454 1454 1429 1568 1411 1568 1614 1454 1454 1429 1568 1409 1568 1614 1454 1454
1429 1568 1402 1568 1409 1568 1607 1454 1454 1429 1568 1605 1454 1454 1429 1568 1411 1568 1605 1454
1454 1429 1597 1454 1454 1429 1568 1393 1568 1380 1568 1594 1454 1454 1428 1568 1380 1568 1380 1568
1618 1454 1454 1393 1601 1454 1454 1429 1649 1454 1454 1429 1568 1411 1568 1402 1568 1607 1454 1454
