552 522 552 564 549 549 540 552 522 552 522 552 582 549 549 526 569 549 549 541
552 522 552 582 549 549 526 569 549 549 541 594 549 549 541 552 532 552 528 552
552 522 552 522 552 522 552 522 552 582 549 549 526 569 549 549 541 594 549 549
552 522 552 564 549 549 540 552 522 552 522 552 582 549 549 526 569 549 549 541
552 522 552 522 552 522 552 582 549 549 526 569 549 549 541 594 549 549 541 552
552 522 552 522 552 582 549 549 526 569 549 549 541 594 549 549 541 552 532 552
522 552 522 552 582 549 549 526 569 549 549 541 594 549 549 541 552 532 552 528
552 522 552 582 549 549 526 569 549 549 541 594 549 549 541 552 532 552 528 552
552 522 552 582 549 549 526 569 549 549 541 594 549 549 541 552 532 552 528 552
552 522 552 582 549 549 526 569 549 549 541 594 549 549 541 552 532 552 528 552
552 522 552 582 549 549 526 569 549 549 541 594 549 549 541 552 532 552 528 552
552 526 552 522 552 522 552 522 552 522 552 522 552 522 552 522 552 582 549 549
526 569 549 549 541 594 549 549 541 552 532 552 528 552 574 549 549 541 552 564
552 522 552 582 549 549 526 569 549 549 541 594 549 549 541 552 532 552 528 552
552 582 549 549 526 569 549 549 541 594 549 549 541 552 532 552 579 549 549 541
552 530 552 579 549 549 541 552 528 552 574 549 549 530 552 541 552 572 549 549
541 552 532 552 572 549 549 541 566 549 549 541 552 526 552 522 552 522 552 522
552 582 549 549 526 569 549 549 541 594 549 549 541 552 532 552 528 552 574 549
552 582 549 549 526 569 549 549 541 594 549 549 541 552 532 552 579 549 549 541
552 530 552 579 549 549 541 552 528 552 530 552 574 549 549 541 552 572 549 549
541 552 532 552 572 549 549 541 566 549 549 541 552 526 552 522 552 522 552 522
552 582 549 549 526 569 549 549 541 594 549 549 541 552 532 552 528 552 574 549
552 582 549 549 526 569 549 549 541 594 549 549 541 552 532 552 579 549 549 541
552 530 552 579 549 549 528 541 154 134 530 552 574 549 549 541 552 572 549 549
541 552 532 552 572 549 549 541 566 549 549 541 552 526 552 522 552 522 552 522
552 582 549 549 526 569 549 549 541 594 549 549 541 552 532 552 528 552 574 549
526 569 549 549 541 594 549 549 541 552 532 552 579 549 549 541 530 154 134 579
549 549 541 552 528 552 530 552 574 549 549 541 552 572 549 549 541 552 532 552
572 549 549 541 566 549 549 541 552 526 552 522 552 522 552 522 552 582 549 549
526 569 549 549 541 594 549 549 541 552 532 552 528 552 574 549 549 541 552 564
552 527 552 574 549 549 541 552 526 552 522 552 582 549 549 526 569 549 549 541
594 549 549 541 552 532 552 579 549 549 541 552 530 552 579 549 549 541 552 528
552 530 552 574 549 549 541 552 572 549 549 541 552 532 552 572 549 549 541 566
549 549 541 552 526 552 522 552 522 552 522 552 582 549 549 526 569 549 549 541
574 549 534 552 531 552 527 552 574 549 549 541 552 526 552 564 549 549 540 552
522 552 582 549 549 526 552 569 549 549 541 594 549 549 541 552 532 552 579 549
549 541 552 530 552 579 549 549 541 528 154 134 530 552 574 549 549 541 552 572
549 549 541 552 532 552 572 549 549 541 566 549 549 541 552 526 552 522 552 522
552 522 552 582 549 549 526 569 549 549 541 594 549 549 541 552 532 552 528 552
569 549 541 594 549 549 541 552 532 552 579 549 549 541 552 530 552 579 549 549
541 552 528 552 530 552 574 549 549 541 552 572 549 549 541 552 532 552 572 549
549 541 566 549 549 541 552 526 552 522 552 564 549 549 540 552 522 552 522 552
582 549 549 526 569 549 549 541 594 549 549 541 552 532 552 528 552 574 549 549
