226 669 235 539 47 55 515 640 515 640 235 539 539 539 539 539 539 539 539 539
539 539 539 539 539 539 547 539 259 235 539 539 539 154 134 552 558 226 669 554
545 235 539 47 55 515 640 554 235 539 515 640 235 539 539 539 539 539 539 539
539 539 235 539 547 154 134 552 235 539 539 539 154 134 226 669 554 732 547 542
554 235 539 515 640 545 235 539 47 55 515 640 515 640 235 539 539 539 539 539
226 669 235 539 47 55 515 640 515 640 235 539 539 539 539 539 539 539 539 539
539 539 539 539 539 539 539 539 547 539 259 235 539 136 368 134 599 552 558 558
545 226 669 235 539 47 55 547 47 55 515 640 515 640 515 640 515 640 515 640
539 539 539 539 539 539 539 539 539 539 539 539 539 539 235 539 235 539 539 539
134 599 552 134 599 539 539 468 468 515 640 235 539 547 154 134 552 226 669 554
539 259 235 539 539 539 154 134 226 669 554 732 547 35 247 235 539 515 640 545
235 539 47 55 515 640 515 640 235 539 539 539 235 539 539 539 539 539 35 247
539 539 539 539 547 47 55 515 640 554 235 539 539 259 235 539 539 539 539 539
226 669 235 539 47 55 515 640 515 640 235 539 539 539 539 539 539 539 539 539
539 539 539 539 539 539 539 539 547 539 259 235 539 539 539 154 134 552 226 669
235 539 47 55 515 640 515 640 235 539 539 539 539 539 235 539 547 154 134 552
226 669 235 539 47 55 515 640 515 640 235 539 539 539 539 539 539 539 539 539
226 669 235 539 47 55 515 640 515 640 235 539 539 539 539 539 539 539 539 539
539 539 539 539 539 259 235 539 154 134 226 669 235 539 47 55 515 640 515 640
235 539 235 539 547 545 235 539 539 539 539 539 547 47 55 554 235 539 515 640
539 539 547 539 259 235 539 552 134 599 539 539 539 539 235 539 154 134 226 669
226 669 235 539 47 55 515 640 515 640 235 539 539 539 539 539 539 539 539 539
539 539 539 539 539 259 235 539 547 154 134 552 226 669 235 539 47 55 515 640
515 640 235 539 539 539 235 539 539 539 539 539 545 235 539 539 539 539 539 47
55 515 640 554 235 539 547 235 539 154 134 235 539 539 539 539 539 235 539 552
539 539 539 539 539 539 539 259 545 235 539 47 55 515 640 515 640 235 539 547
539 539 539 539 539 539 539 539 539 539 547 539 259 235 539 547 154 134 552 558
35 247 732 547 35 247 235 539 515 640 545 235 539 47 55 515 640 515 640 554
547 235 539 547 545 235 539 539 539 539 539 547 47 55 235 539 515 640 235 539
539 539 539 259 235 539 547 154 134 134 599 539 539 539 539 235 539 547 154 134
226 669 235 539 47 55 515 640 515 640 235 539 539 539 539 539 539 539 539 539
539 539 539 539 539 539 539 539 547 539 259 235 539 539 539 154 134 552 226 669
235 539 47 55 515 640 515 640 235 539 539 539 539 539 235 539 547 154 134 552
226 669 554 732 547 35 247 235 539 515 640 545 235 539 47 55 515 640 515 640
235 539 539 539 539 539 539 539 539 539 539 539 539 539 547 539 259 235 539 547
539 259 545 235 539 554 235 539 235 539 547 154 134 545 235 539 47 55 515 640
515 640 235 539 539 539 539 539 539 539 539 539 539 539 539 539 539 539 539 539
547 539 259 235 539 539 539 154 134 552 226 669 235 539 47 55 515 640 515 640
235 539 539 539 539 539 235 539 547 154 134 552 226 669 235 539 47 55 515 640
515 640 235 539 539 539 539 539 539 539 539 539 539 539 539 539 547 235 539 554
515 640 35 247 732 547 35 247 235 539 515 640 35 247 235 539 514 554 628 517
226 669 235 539 47 55 515 640 515 640 235 539 539 539 539 539 539 539 539 539
539 539 539 539 547 539 259 235 539 547 154 134 552 226 669 235 539 47 55 554
515 640 554 235 539 539 539 539 539 539 539 539 539 539 539 539 539 235 539 552
547 154 134 226 669 235 539 47 55 515 640 515 640 235 539 539 539 547 539 259
226 669 235 539 47 55 515 640 515 640 235 539 539 539 539 539 539 539 539 539
539 539 539 539 539 259 235 539 547 154 134 552 226 669 235 539 47 55 515 640
515 640 235 539 539 539 539 539 539 539 539 539 539 539 539 259 235 539 539 259
545 226 669 554 732 539 539 154 134 134 599 47 55 515 640 554 235 539 35 247
226 669 235 539 554 235 539 539 539 154 134 226 669 235 539 47 55 515 640 554
554 235 539 539 539 539 539 539 539 539 539 539 539 539 539 539 539 539 539 547
539 259 235 539 539 539 154 134 552 558 226 669 226 669 235 539 47 55 515 640
554 235 539 47 55 515 640 515 640 554 235 539 235 539 539 539 547 35 247 732
539 539 539 539 539 539 35 247 235 539 539 539 539 539 235 539 539 539 468 468
554 235 539 539 539 539 539 547 235 539 539 539 235 539 515 640 515 640 226 669
226 669 235 539 47 55 515 640 554 235 539 515 640 235 539 539 539 539 539 547
539 539 539 539 539 539 539 539 539 539 547 235 539 547 154 134 552 235 539 547
539 539 154 134 226 669 235 539 47 55 515 640 515 640 235 539 539 539 539 539
226 669 235 539 47 55 515 640 515 640 235 539 539 539 539 539 539 539 539 539
539 539 539 539 539 259 235 539 547 154 134 552 226 669 554 732 547 544 515 640
547 515 640 545 235 539 47 55 515 640 515 640 235 539 539 539 235 539 539 539
539 539 545 235 539 539 539 539 539 547 47 55 515 640 554 235 539 235 539 552
226 669 235 539 47 55 515 640 515 640 235 539 539 539 539 539 539 539 539 539
539 539 539 539 539 259 235 539 552 134 599 552 226 669 235 539 47 55 515 640
515 640 235 539 539 539 539 539 539 539 539 539 539 539 539 539 235 539 154 134
226 669 235 539 47 55 515 640 515 640 235 539 539 539 539 539 235 539 136 368
539 539 539 539 539 539 136 368 226 669 235 539 47 55 515 640 515 640 235 539
539 539 539 539 539 539 539 539 539 539 539 539 539 539 539 539 539 539 515 640
539 539 154 134 552 226 669 235 539 47 55 515 640 515 640 235 539 539 539 547
547 235 539 547 154 134 552 226 669 554 732 547 35 247 235 539 515 640 35 247
547 47 55 515 640 515 640 235 539 539 539 539 539 539 539 539 539 539 539 547
539 539 539 539 235 539 547 154 134 552 226 669 554 235 539 514 554 628 517 554
226 669 235 539 47 55 515 640 515 640 235 539 539 539 539 539 539 259 235 539
226 669 235 539 515 640 235 539 539 539 154 134 226 669 235 539 47 55 515 640
515 640 235 539 539 539 539 539 539 539 539 539 539 539 539 539 539 539 539 539
539 539 539 259 235 539 547 154 134 552 226 669 235 539 47 55 515 640 515 640
235 539 539 539 539 539 539 539 539 539 539 539 539 539 235 539 515 640 226 669
554 732 547 35 247 235 539 515 640 35 247 235 539 514 554 628 517 515 640 545
235 539 47 55 515 640 515 640 235 539 539 539 539 539 539 259 235 539 136 368
226 669 235 539 47 55 515 640 515 640 235 539 539 539 539 539 539 539 539 539
539 539 539 539 547 539 259 235 539 154 134 226 669 554 732 547 35 247 235 539
515 640 545 235 539 47 55 515 640 515 640 558 226 669 235 539 539 539 547 47
55 515 640 554 235 539 539 539 539 539 539 539 235 539 539 539 539 539 235 539
226 669 235 539 47 55 515 640 515 640 235 539 539 539 539 539 539 539 539 539
539 539 539 539 539 259 235 539 539 539 154 134 552 226 669 558 226 669 235 539
47 55 515 640 554 235 539 47 55 515 640 515 640 554 235 539 539 539 539 539
539 539 539 539 539 539 539 539 539 539 539 539 539 539 547 235 539 547 468 468
515 640 554 235 539 552 134 599 154 134 226 669 235 539 554 235 539 539 539 547
547 515 640 226 669 554 732 547 35 247 235 539 515 640 545 235 539 47 55 554
515 640 554 235 539 539 539 539 539 539 539 539 539 539 539 547 235 539 226 669
554 667 539 539 547 154 134 134 599 468 468 55 338 515 640 515 640 721 523 554
685 439 547 439 439 439 547 439 353 539 539 547 456 581 554 532 547 134 599 552
226 669 235 539 47 55 515 640 515 640 235 539 539 539 539 539 539 539 539 539
539 539 539 539 539 259 235 539 547 154 134 552 226 669 235 539 47 55 515 640
515 640 235 539 235 539 547 35 247 732 539 539 547 35 247 235 539 547 539 259
539 539 539 539 539 539 539 539 547 235 539 515 640 226 669 235 539 47 55 554
226 669 235 539 47 55 515 640 515 640 235 539 539 539 539 539 539 539 539 539
539 539 539 539 539 539 539 539 547 539 259 235 539 539 539 154 134 552 226 669
235 539 47 55 515 640 515 640 235 539 539 539 539 539 235 539 547 154 134 552
226 669 554 732 547 35 247 235 539 515 640 545 235 539 47 55 515 640 515 640
235 539 539 539 539 539 539 539 539 539 539 539 539 539 539 539 547 235 539 554
226 669 235 539 47 55 515 640 515 640 235 539 539 539 539 539 539 539 539 539
539 539 539 539 539 539 539 539 547 539 259 235 539 539 539 154 134 552 226 669
235 539 47 55 515 640 515 640 235 539 539 539 539 539 235 539 515 640 515 640
35 247 732 547 35 247 235 539 515 640 545 235 539 47 55 515 640 515 640 554
539 539 539 539 539 539 539 539 539 539 539 539 539 259 235 539 154 134 226 669
554 235 539 514 554 628 547 517 515 640 545 235 539 47 55 515 640 515 640 554
539 539 539 539 547 539 259 235 539 547 154 134 552 226 669 235 539 554 235 539
