1588 1440 1580 1448 80 88 1580 1580 1580 1580 1580 1448 1448 1448 1448 1448 1448 1448 1448 1448
1448 1448 1448 1448 1448 1448 1448 1448 1580 1580 1448 1448 1448 1568 1568 1568 1588 1588 1440 1580
1440 1580 1448 80 88 1580 1580 1580 1580 1448 1580 1580 1580 1448 1448 1448 1448 1448 1448 1448
1448 1448 1580 1448 1448 1568 1568 1568 1580 1448 1448 1448 1568 1568 1588 1440 1580 1929 1448 1434
1580 1580 1448 1580 1588 1440 1580 1448 80 88 1580 1580 1580 1580 1580 1448 1448 1448 1448 1448
1588 1440 1580 1448 80 88 1580 1580 1580 1580 1580 1448 1448 1448 1448 1448 1448 1448 1448 1448
1448 1448 1448 1448 1448 1448 1448 1448 1448 1448 1580 1580 1448 1448 1568 1568 1448 1568 1588 1588
1440 1580 1440 1580 1448 80 88 1448 80 88 1580 1580 1580 1580 1580 1580 1580 1580 1580 1580
1448 1448 1448 1448 1448 1448 1448 1448 1448 1448 1448 1448 1448 1448 1580 1448 1580 1448 1448 1448
1568 1448 1568 1568 1448 1448 1448 80 80 1580 1580 1580 1448 1448 1568 1568 1568 1588 1440 1580
1448 1580 1580 1448 1448 1448 1568 1568 1588 1440 1580 1929 1448 1435 1580 1580 1448 1580 1588 1440
1580 1448 80 88 1580 1580 1580 1580 1580 1448 1448 1448 1588 1448 1448 1448 1448 1448 1440 1580
1448 1448 1448 1448 1448 80 88 1580 1580 1580 1580 1448 1448 1580 1580 1448 1448 1448 1448 1448
1588 1440 1580 1448 80 88 1580 1580 1580 1580 1580 1448 1448 1448 1448 1448 1448 1448 1448 1448
1448 1448 1448 1448 1448 1448 1448 1448 1448 1448 1580 1580 1448 1448 1448 1568 1568 1568 1588 1440
1580 1448 80 88 1580 1580 1580 1580 1580 1448 1448 1448 1448 1448 1580 1448 1448 1568 1568 1568
1588 1440 1580 1448 80 88 1580 1580 1580 1580 1580 1448 1448 1448 1448 1448 1448 1448 1448 1448
1588 1440 1580 1448 80 88 1580 1580 1580 1580 1580 1448 1448 1448 1448 1448 1448 1448 1448 1448
1448 1448 1448 1448 1448 1580 1580 1448 1568 1568 1588 1440 1580 1448 80 88 1580 1580 1580 1580
1580 1448 1588 1448 1448 1440 1580 1448 1448 1448 1448 1448 1448 80 88 1580 1580 1448 1580 1580
1448 1448 1448 1448 1580 1580 1448 1568 1568 1448 1448 1448 1448 1448 1580 1448 1568 1568 1588 1440
1588 1440 1580 1448 80 88 1580 1580 1580 1580 1580 1448 1448 1448 1448 1448 1448 1448 1448 1448
1448 1448 1448 1448 1448 1580 1580 1448 1448 1568 1568 1568 1588 1440 1580 1448 80 88 1580 1580
1580 1580 1580 1448 1448 1448 1588 1448 1448 1448 1448 1448 1440 1580 1448 1448 1448 1448 1448 80
88 1580 1580 1580 1580 1448 1448 1580 1448 1568 1568 1580 1448 1448 1448 1448 1448 1580 1448 1568
1448 1448 1448 1448 1448 1448 1448 1588 1440 1580 1448 80 88 1580 1580 1580 1580 1580 1448 1448
1448 1448 1448 1448 1448 1448 1448 1448 1448 1448 1448 1448 1580 1580 1448 1448 1568 1568 1568 1588
1440 1580 1929 1448 1434 1580 1580 1448 1580 1588 1440 1580 1448 80 88 1580 1580 1580 1580 1580
1448 1588 1448 1448 1440 1580 1448 1448 1448 1448 1448 1448 80 88 1580 1448 1580 1580 1580 1448
1448 1448 1448 1580 1580 1448 1448 1568 1568 1568 1448 1448 1448 1448 1448 1580 1448 1448 1568 1568
1588 1440 1580 1448 80 88 1580 1580 1580 1580 1580 1448 1448 1448 1448 1448 1448 1448 1448 1448
1448 1448 1448 1448 1448 1448 1448 1448 1448 1448 1580 1580 1448 1448 1448 1568 1568 1568 1588 1440
1580 1448 80 88 1580 1580 1580 1580 1580 1448 1448 1448 1448 1448 1580 1448 1448 1568 1568 1568
1588 1440 1580 1929 1448 1435 1580 1580 1448 1580 1588 1440 1580 1448 80 88 1580 1580 1580 1580
1580 1448 1448 1448 1448 1448 1448 1448 1448 1448 1448 1448 1448 1448 1448 1448 1580 1580 1448 1448
1448 1588 1440 1580 1448 1580 1580 1448 1588 1448 1448 1568 1568 1440 1580 1448 80 88 1580 1580
1580 1580 1580 1448 1448 1448 1448 1448 1448 1448 1448 1448 1448 1448 1448 1448 1448 1448 1448 1448
1448 1448 1580 1580 1448 1448 1448 1568 1568 1568 1588 1440 1580 1448 80 88 1580 1580 1580 1580
1580 1448 1448 1448 1448 1448 1580 1448 1448 1568 1568 1568 1588 1440 1580 1448 80 88 1580 1580
1580 1580 1580 1448 1448 1448 1448 1448 1448 1448 1448 1448 1448 1448 1448 1448 1448 1580 1448 1580
1580 1588 1440 1580 1929 1448 1435 1580 1580 1448 1580 1588 1440 1580 1628 1448 1308 1580 1736 1344
1588 1440 1580 1448 80 88 1580 1580 1580 1580 1580 1448 1448 1448 1448 1448 1448 1448 1448 1448
1448 1448 1448 1448 1448 1448 1580 1580 1448 1448 1568 1568 1568 1588 1440 1580 1448 80 88 1580
1580 1580 1580 1580 1448 1448 1448 1448 1448 1448 1448 1448 1448 1448 1448 1448 1448 1580 1448 1568
1448 1568 1568 1588 1440 1580 1448 80 88 1580 1580 1580 1580 1580 1448 1448 1448 1448 1448 1580
1588 1440 1580 1448 80 88 1580 1580 1580 1580 1580 1448 1448 1448 1448 1448 1448 1448 1448 1448
1448 1448 1448 1448 1448 1580 1580 1448 1448 1568 1568 1568 1588 1440 1580 1448 80 88 1580 1580
1580 1580 1580 1448 1448 1448 1448 1448 1448 1448 1448 1448 1448 1448 1448 1588 1588 1448 1448 1580
1440 1580 1440 1580 1929 1448 1448 1568 1568 1568 1448 80 88 1580 1580 1580 1580 1448 1435 1580
1588 1440 1580 1448 1580 1580 1448 1448 1448 1568 1568 1588 1440 1580 1448 80 88 1580 1580 1580
1580 1580 1448 1448 1448 1448 1448 1448 1448 1448 1448 1448 1448 1448 1448 1448 1448 1448 1448 1448
1448 1580 1580 1448 1448 1448 1568 1568 1568 1588 1588 1440 1580 1440 1580 1448 80 88 1580 1580
1580 1580 1448 80 88 1580 1580 1580 1580 1580 1580 1448 1588 1448 1448 1448 1448 1440 1580 1929
1448 1448 1448 1448 1448 1448 1436 1580 1580 1448 1448 1448 1448 1448 1580 1448 1448 1448 80 80
1580 1580 1448 1448 1448 1448 1448 1448 1580 1448 1448 1448 1580 1448 1580 1580 1580 1588 1588 1440
1580 1440 1580 1448 80 88 1580 1580 1580 1580 1448 1580 1580 1580 1448 1448 1448 1448 1448 1448
1448 1448 1448 1448 1448 1448 1448 1448 1448 1448 1448 1580 1448 1448 1568 1568 1568 1580 1448 1448
1448 1448 1568 1568 1588 1440 1580 1448 80 88 1580 1580 1580 1580 1580 1448 1448 1448 1448 1448
1588 1440 1580 1448 80 88 1580 1580 1580 1580 1580 1448 1448 1448 1448 1448 1448 1448 1448 1448
1448 1448 1448 1448 1448 1580 1580 1448 1448 1568 1568 1568 1588 1440 1580 1929 1448 1436 1580 1580
1448 1580 1588 1440 1580 1448 80 88 1580 1580 1580 1580 1580 1448 1448 1448 1588 1448 1448 1448
1448 1448 1440 1580 1448 1448 1448 1448 1448 1448 80 88 1580 1580 1580 1580 1448 1580 1448 1568
1588 1440 1580 1448 80 88 1580 1580 1580 1580 1580 1448 1448 1448 1448 1448 1448 1448 1448 1448
1448 1448 1448 1448 1448 1580 1580 1448 1568 1568 1448 1568 1588 1440 1580 1448 80 88 1580 1580
1580 1580 1580 1448 1448 1448 1448 1448 1448 1448 1448 1448 1448 1448 1448 1448 1580 1448 1568 1568
1588 1440 1580 1448 80 88 1580 1580 1580 1580 1580 1448 1448 1448 1448 1448 1580 1448 1448 1568
1448 1448 1448 1448 1448 1448 1448 1568 1588 1440 1580 1448 80 88 1580 1580 1580 1580 1580 1448
1448 1448 1448 1448 1448 1448 1448 1448 1448 1448 1448 1448 1448 1448 1448 1448 1448 1448 1580 1580
1448 1448 1568 1568 1568 1588 1440 1580 1448 80 88 1580 1580 1580 1580 1580 1448 1448 1448 1448
1448 1580 1448 1448 1568 1568 1568 1588 1440 1580 1929 1448 1436 1580 1580 1448 1580 1588 1440 1580
1448 80 88 1580 1580 1580 1580 1580 1448 1448 1448 1448 1448 1448 1448 1448 1448 1448 1448 1448
1448 1448 1448 1448 1580 1448 1448 1568 1568 1568 1588 1440 1580 1628 1448 1308 1580 1736 1344 1580
1588 1440 1580 1448 80 88 1580 1580 1580 1580 1580 1448 1448 1448 1448 1448 1448 1580 1580 1448
1588 1440 1580 1448 1580 1580 1580 1448 1448 1448 1568 1568 1588 1440 1580 1448 80 88 1580 1580
1580 1580 1580 1448 1448 1448 1448 1448 1448 1448 1448 1448 1448 1448 1448 1448 1448 1448 1448 1448
1448 1448 1448 1580 1580 1448 1448 1568 1568 1568 1588 1440 1580 1448 80 88 1580 1580 1580 1580
1580 1448 1448 1448 1448 1448 1448 1448 1448 1448 1448 1448 1448 1448 1580 1448 1580 1580 1588 1440
1580 1929 1448 1435 1580 1580 1448 1580 1588 1440 1580 1628 1448 1308 1580 1736 1344 1580 1588 1440
1580 1448 80 88 1580 1580 1580 1580 1580 1448 1448 1448 1448 1448 1448 1580 1580 1448 1448 1568
1588 1440 1580 1448 80 88 1580 1580 1580 1580 1580 1448 1448 1448 1448 1448 1448 1448 1448 1448
1448 1448 1448 1448 1448 1448 1580 1580 1448 1568 1568 1588 1440 1580 1929 1448 1434 1580 1580 1448
1580 1588 1440 1580 1448 80 88 1580 1580 1580 1580 1588 1580 1440 1580 1448 1448 1448 1448 80
88 1580 1580 1580 1580 1448 1448 1448 1448 1448 1448 1448 1580 1448 1448 1448 1448 1448 1580 1448
1588 1440 1580 1448 80 88 1580 1580 1580 1580 1580 1448 1448 1448 1448 1448 1448 1448 1448 1448
1448 1448 1448 1448 1448 1580 1580 1448 1448 1448 1568 1568 1568 1588 1440 1588 1580 1440 1580 1448
80 88 1580 1580 1580 1580 1448 80 88 1580 1580 1580 1580 1580 1580 1448 1448 1448 1448 1448
1448 1448 1448 1448 1448 1448 1448 1448 1448 1448 1448 1448 1448 1448 1448 1580 1448 1448 80 80
1580 1580 1580 1580 1448 1568 1568 1448 1568 1568 1588 1440 1580 1448 1580 1580 1448 1448 1448 1448
1448 1580 1580 1588 1440 1580 1929 1448 1436 1580 1580 1448 1580 1588 1440 1580 1448 80 88 1580
1580 1580 1580 1580 1448 1448 1448 1448 1448 1448 1448 1448 1448 1448 1448 1448 1588 1448 1580 1440
1580 1807 1448 1448 1448 1568 1568 1568 1448 80 80 88 645 1580 1580 1580 1580 1906 1389 1580
1841 2948 1448 2948 2948 2948 1448 2948 2732 1448 1448 1448 947 1617 1580 1411 1448 1568 1448 1568
1588 1440 1580 1448 80 88 1580 1580 1580 1580 1580 1448 1448 1448 1448 1448 1448 1448 1448 1448
1448 1448 1448 1448 1448 1580 1580 1448 1448 1568 1568 1568 1588 1440 1580 1448 80 88 1580 1580
1580 1580 1580 1448 1588 1448 1448 1440 1580 1929 1448 1448 1448 1435 1580 1580 1448 1448 1448 1580
1448 1448 1448 1448 1448 1448 1448 1448 1448 1580 1448 1580 1580 1588 1440 1580 1448 80 88 1580
1588 1440 1580 1448 80 88 1580 1580 1580 1580 1580 1448 1448 1448 1448 1448 1448 1448 1448 1448
1448 1448 1448 1448 1448 1448 1448 1448 1448 1448 1580 1580 1448 1448 1448 1568 1568 1568 1588 1440
1580 1448 80 88 1580 1580 1580 1580 1580 1448 1448 1448 1448 1448 1580 1448 1448 1568 1568 1568
1588 1440 1580 1929 1448 1437 1580 1580 1448 1580 1588 1440 1580 1448 80 88 1580 1580 1580 1580
1580 1448 1448 1448 1448 1448 1448 1448 1448 1448 1448 1448 1448 1448 1448 1448 1448 1580 1448 1580
1588 1440 1580 1448 80 88 1580 1580 1580 1580 1580 1448 1448 1448 1448 1448 1448 1448 1448 1448
1448 1448 1448 1448 1448 1448 1448 1448 1448 1448 1580 1580 1448 1448 1448 1568 1568 1568 1588 1440
1580 1448 80 88 1580 1580 1580 1580 1580 1448 1448 1448 1448 1448 1580 1448 1580 1580 1580 1588
1440 1580 1929 1448 1434 1580 1580 1448 1580 1588 1440 1580 1448 80 88 1580 1580 1580 1580 1580
1448 1448 1448 1448 1448 1448 1448 1448 1448 1448 1448 1448 1448 1580 1580 1448 1568 1568 1588 1440
1580 1628 1448 1308 1580 1736 1448 1344 1580 1588 1440 1580 1448 80 88 1580 1580 1580 1580 1580
1448 1448 1448 1448 1448 1448 1580 1580 1448 1448 1568 1568 1568 1588 1440 1580 1448 1580 1580 1448
