134 599 552 524 134 599 552 475 134 599 134 599 136 368 571 549 136 368 571 549
136 368 134 599 134 599 136 368 134 599 136 368 134 599 136 368 134 599 136 368
134 599 552 524 134 599 552 475 134 599 134 599 136 368 571 549 136 368 571 549
134 599 552 524 134 599 552 475 134 599 134 599 136 368 571 549 136 368 571 549
136 368 134 599 134 599 136 368 134 599 136 368 134 599 136 368 134 599 136 368
134 599 552 524 134 599 552 475 134 599 134 599 136 368 571 549 136 368 571 549
134 599 552 524 134 599 552 475 134 599 134 599 136 368 571 549 136 368 571 549
136 368 134 599 134 599 136 368 134 599 136 368 134 599 136 368 134 599 136 368
545 545 553 553 545 553 545 134 599 134 599 589 551 134 599 718 551 134 599 553
134 599 538 553 134 599 545 553 545 553 538 553 134 599 548 134 599 553 134 599
545 553 545 134 599 134 599 589 551 134 599 718 551 134 599 553 134 599 538 553
134 599 538 553 134 599 136 368 545 553 545 134 599 553 134 599 136 368 134 599
547 134 599 589 551 134 599 718 551 134 599 553 134 599 538 553 134 599 545 553
545 553 538 553 134 599 548 134 599 553 134 599 136 368 134 599 545 553 545 553
547 134 599 589 551 134 599 718 551 134 599 553 134 599 538 553 134 599 545 553
538 553 134 599 136 368 545 134 599 553 134 599 136 368 134 599 545 134 599 553
134 599 552 524 134 599 552 475 134 599 134 599 136 368 571 549 136 368 571 549
134 599 552 524 134 599 552 475 134 599 134 599 136 368 571 549 136 368 571 549
134 599 552 524 134 599 552 475 134 599 134 599 136 368 571 549 136 368 134 599
136 368 134 599 134 599 552 524 134 599 552 475 134 599 134 599 136 368 571 549
136 368 571 549 136 368 134 599 134 599 136 368 134 599 136 368 134 599 136 368
134 599 552 524 134 599 552 475 134 599 134 599 136 368 571 549 136 368 571 549
136 368 134 599 134 599 136 368 134 599 136 368 134 599 136 368 134 599 136 368
134 599 552 524 134 599 552 475 134 599 134 599 136 368 571 549 136 368 571 549
136 368 134 599 134 599 136 368 134 599 136 368 134 599 136 368 134 599 136 368
134 599 552 524 134 599 552 475 134 599 134 599 136 368 571 549 136 368 571 549
134 599 552 524 134 599 552 475 134 599 134 599 136 368 571 549 136 368 571 549
134 599 552 524 134 599 552 475 134 599 134 599 136 368 571 549 136 368 571 549
134 599 552 524 134 599 552 475 134 599 552 134 599 136 368 571 549 136 368 571
549 136 368 134 599 134 599 136 368 134 599 136 368 134 599 136 368 134 599 549
134 599 552 524 134 599 552 475 134 599 134 599 136 368 571 549 136 368 571 549
134 599 552 524 134 599 475 552 134 599 134 599 136 368 571 549 136 368 571 549
