1580 1454 1568 1390 1568 1454 1568 1129 1568 1454 1572 1454 1454 1568 1604 1454 1454 1568 1604 1454
1454 1568 1576 1454 1572 1454 1454 1568 1572 1454 1454 1568 1572 1454 1454 1568 1572 1454 1454 1568
1580 1454 1568 1390 1568 1454 1568 1129 1568 1454 1572 1454 1454 1568 1604 1454 1454 1568 1604 1454
1580 1454 1568 1390 1568 1454 1568 1129 1568 1454 1572 1454 1454 1568 1604 1454 1454 1568 1604 1454
1454 1568 1576 1454 1572 1454 1454 1568 1572 1454 1454 1568 1572 1454 1454 1568 1572 1454 1454 1568
1580 1454 1568 1390 1568 1454 1568 1129 1568 1454 1572 1454 1454 1568 1604 1454 1454 1568 1604 1454
1580 1454 1568 1390 1568 1454 1568 1129 1568 1454 1572 1454 1454 1568 1604 1454 1454 1568 1604 1454
1454 1568 1576 1454 1572 1454 1454 1568 1572 1454 1454 1568 1572 1454 1454 1568 1572 1454 1454 1568
1440 1440 1574 1574 1440 1574 1440 1574 1448 1574 1460 1638 1460 1574 1460 1899 1460 1574 1456 1574
1574 1460 1424 1574 1574 1460 1440 1574 1440 1574 1424 1574 1574 1460 1452 1574 1456 1574 1574 1460
1440 1574 1440 1574 1448 1574 1460 1638 1460 1574 1460 1899 1460 1574 1456 1574 1574 1460 1424 1574
1574 1460 1424 1574 1574 1460 1452 1574 1440 1574 1440 1574 1456 1574 1574 1460 1456 1574 1574 1460
1448 1574 1460 1638 1460 1574 1460 1899 1460 1574 1456 1574 1574 1460 1424 1574 1574 1460 1440 1574
1440 1574 1424 1574 1574 1460 1452 1574 1456 1574 1574 1460 1456 1574 1574 1460 1440 1574 1440 1574
1448 1574 1460 1638 1460 1574 1460 1899 1460 1574 1456 1574 1574 1460 1424 1574 1574 1460 1440 1574
1424 1574 1574 1460 1452 1574 1440 1574 1456 1574 1574 1460 1456 1574 1574 1460 1440 1574 1456 1574
1580 1454 1568 1390 1568 1454 1568 1129 1568 1454 1572 1454 1454 1568 1604 1454 1454 1568 1604 1454
1580 1454 1568 1390 1568 1454 1568 1129 1568 1454 1572 1454 1454 1568 1604 1454 1454 1568 1604 1454
1580 1454 1568 1390 1568 1454 1568 1129 1568 1454 1572 1454 1454 1568 1604 1454 1454 1568 1572 1454
1454 1568 1568 1454 1580 1454 1568 1390 1568 1454 1568 1129 1568 1454 1572 1454 1454 1568 1604 1454
1454 1568 1604 1454 1454 1568 1576 1454 1572 1454 1454 1568 1572 1454 1454 1568 1572 1454 1454 1568
1580 1454 1568 1390 1568 1454 1568 1129 1568 1454 1572 1454 1454 1568 1604 1454 1454 1568 1604 1454
1454 1568 1576 1454 1572 1454 1454 1568 1572 1454 1454 1568 1572 1454 1454 1568 1572 1454 1454 1568
1580 1454 1568 1390 1568 1454 1568 1129 1568 1454 1572 1454 1454 1568 1604 1454 1454 1568 1604 1454
1454 1568 1576 1454 1572 1454 1454 1568 1572 1454 1454 1568 1572 1454 1454 1568 1572 1454 1454 1568
1580 1454 1568 1390 1568 1454 1568 1129 1568 1454 1572 1454 1454 1568 1604 1454 1454 1568 1604 1454
1580 1454 1568 1390 1568 1454 1568 1129 1568 1454 1572 1454 1454 1568 1604 1454 1454 1568 1604 1454
1580 1454 1568 1390 1568 1454 1568 1129 1568 1454 1572 1454 1454 1568 1604 1454 1454 1568 1604 1454
1580 1454 1568 1390 1568 1454 1568 1129 1568 1454 1568 1572 1454 1454 1568 1604 1454 1454 1568 1604
1454 1454 1568 1576 1454 1572 1454 1454 1568 1572 1454 1454 1568 1572 1454 1454 1568 1572 1454 1454
1580 1454 1568 1390 1568 1454 1568 1129 1568 1454 1572 1454 1454 1568 1604 1454 1454 1568 1604 1454
1580 1454 1568 1390 1568 1454 1129 1568 1568 1454 1572 1454 1454 1568 1604 1454 1454 1568 1604 1454
