226 669 554 684 547 47 521 467 515 640 554 360 547 47 537 515 640 395 547 47
521 307 554 235 539 547 515 640 35 247 367 547 311 547 515 640 235 539 35 247
373 547 243 539 259 235 539 226 669 554 73 545 547 341 547 297 539 259 235 539
235 539 513 515 640 6 547 539 259 545 235 539 490 515 640 11 547 539 259 545
235 539 490 515 640 11 11 547 539 259 544 545 235 539 490 515 640 11 11 547
539 259 544 545 235 539 490 515 640 11 539 539 515 640 35 247 73 547 289 547
297 539 259 235 539 545 235 539 512 515 640 49 539 539 539 259 545 235 539 490
515 640 11 547 539 259 545 235 539 490 515 640 11 547 539 259 545 235 539 490
515 640 11 547 539 259 545 235 539 490 515 640 11 547 539 259 545 235 539 490
515 640 11 11 547 544 547 515 640 35 247 235 539 165 547 494 539 259 235 539
669 586 226 669 554 73 547 294 547 297 539 259 235 539 547 490 515 640 785 547
539 259 545 226 669 558 226 669 554 235 539 165 547 494 235 539 235 539 669 586
539 648 235 539 539 259 505 235 539 30 547 752 105 539 539 547 515 640 6 547
539 259 545 235 539 490 554 235 539 753 539 259 589 547 539 259 545 235 539 506
554 235 539 30 547 235 539 784 149 539 539 539 259 545 235 539 370 247 235 539
30 547 235 539 254 675 547 539 259 545 235 539 481 554 235 539 778 235 539 555
544 547 515 640 35 247 235 539 165 547 494 539 259 235 539 226 669 554 235 539
165 547 494 235 539 235 539 545 235 539 490 515 640 781 547 539 259 545 235 539
499 515 640 764 764 547 544 547 515 640 226 669 553 545 235 539 499 515 640 764
539 539 515 640 35 247 235 539 165 547 494 235 539 235 539 545 235 539 370 247
566 764 764 547 544 539 259 545 235 539 370 247 235 539 126 300 547 300 547 544
547 515 640 35 247 235 539 165 547 494 539 259 235 539 545 235 539 499 515 640
764 539 539 515 640 35 247 235 539 165 547 494 235 539 235 539 545 235 539 499
515 640 764 539 539 515 640 35 247 235 539 165 547 494 235 539 235 539 669 586
539 648 515 640 764 764 539 539 544 515 640 35 247 235 539 165 547 494 235 539
235 539 545 235 539 499 515 640 764 539 539 515 640 35 247 235 539 165 547 493
235 539 235 539 545 235 539 499 515 640 764 764 547 544 539 259 545 235 539 507
554 235 539 30 547 235 539 714 547 115 675 539 539 515 640 35 247 235 539 165
547 494 539 259 235 539 545 235 539 499 515 640 764 539 539 515 640 545 515 640
547 165 547 494 235 539 235 539 545 235 539 499 515 640 764 539 539 515 640 545
554 235 539 165 494 539 259 235 539 545 235 539 499 515 640 764 764 547 544 547
515 640 35 247 235 539 165 547 494 235 539 235 539 545 235 539 499 515 640 764
539 539 515 640 35 247 73 547 294 547 297 539 259 235 539 226 669 554 235 539
165 547 494 235 539 235 539 545 235 539 499 515 640 764 547 539 259 545 235 539
370 247 235 539 85 547 339 539 539 515 640 35 247 235 539 165 547 494 235 539
235 539 545 235 539 499 515 640 764 764 547 544 547 515 640 35 247 235 539 165
547 494 235 539 235 539 545 235 539 499 515 640 764 539 539 515 640 545 515 640
547 165 547 494 539 259 235 539 545 235 539 499 515 640 764 539 539 515 640 545
554 235 539 165 494 554 235 539 545 235 539 499 515 640 764 539 539 235 539 554
226 669 554 235 539 165 547 494 235 539 235 539 545 235 539 499 515 640 764 764
547 544 539 259 545 235 539 370 247 235 539 30 547 661 547 232 607 607 539 539
226 669 226 669 554 235 539 165 547 493 235 539 235 539 545 235 539 499 515 640
764 539 539 515 640 35 247 235 539 165 547 494 235 539 235 539 545 235 539 499
515 640 764 539 539 515 640 35 247 235 539 165 547 494 539 259 235 539 669 586
539 648 515 640 764 539 539 515 640 35 247 235 539 165 547 494 235 539 235 539
545 235 539 499 515 640 4 539 539 515 640 35 247 235 539 165 547 494 235 539
235 539 545 235 539 370 247 235 539 498 539 345 608 539 539 515 640 545 515 640
547 165 547 494 235 539 235 539 226 669 554 235 539 165 547 494 539 259 235 539
226 669 554 235 539 165 547 493 554 235 539 235 539 226 669 554 235 539 547 165
547 494 235 539 235 539 226 669 554 235 539 165 547 494 235 539 235 539 669 586
539 370 247 235 539 408 173 173 547 539 259 544 226 669 554 235 539 165 547 494
539 259 235 539 226 669 554 235 539 165 547 493 235 539 235 539 226 669 515 640
547 165 547 494 235 539 235 539 226 669 554 235 539 165 547 494 539 259 235 539
226 669 554 235 539 165 547 494 235 539 235 539 545 235 539 370 247 235 539 302
300 300 547 539 259 544 226 669 554 235 539 547 165 547 494 539 259 235 539 558
35 247 235 539 165 547 494 539 259 235 539 226 669 554 235 539 165 547 494 554
547 235 539 226 669 554 235 539 165 547 494 235 539 235 539 226 669 554 235 539
165 547 539 259 494 554 235 539 545 235 539 370 247 235 539 301 301 301 539 539
539 259 544 226 669 554 235 539 547 165 547 494 554 235 539 235 539 226 669 554
235 539 165 547 494 235 539 554 235 539 226 669 554 235 539 165 547 494 235 539
235 539 226 669 554 235 539 165 547 493 539 259 235 539 545 235 539 507 515 640
547 323 281 281 547 539 259 669 586 226 669 553 226 669 554 235 539 165 547 494
545 545 545 545 545 545 545 553 226 669 554 684 547 47 521 467 515 640 554 360
547 47 537 515 640 395 547 47 521 307 515 640 235 539 539 259 35 247 367 547
311 547 515 640 235 539 35 247 373 547 243 539 259 235 539 226 669 554 73 547
341 547 297 539 259 235 539 545 235 539 512 515 640 49 49 539 539 544 539 259
226 669 554 73 547 289 547 297 539 259 235 539 545 235 539 507 515 640 6 547
539 259 545 235 539 490 515 640 11 547 11 539 259 544 545 235 539 490 515 640
11 547 539 259 545 235 539 490 515 640 11 547 539 259 545 235 539 490 515 640
11 539 539 515 640 35 247 235 539 165 547 479 539 259 235 539 226 669 554 73
547 294 547 297 539 259 235 539 545 235 539 490 554 235 539 753 539 259 589 547
539 259 545 235 539 370 247 235 539 30 547 235 539 85 770 547 539 259 669 586
539 370 247 235 539 30 547 235 539 784 547 75 539 539 515 640 35 247 235 539
165 547 545 235 539 480 554 235 539 778 539 259 235 539 539 259 480 547 515 640
547 545 235 539 489 515 640 781 547 539 259 545 235 539 500 515 640 764 539 539
515 640 35 247 235 539 165 547 478 539 259 235 539 545 235 539 500 515 640 764
539 539 515 640 35 247 235 539 165 547 479 539 259 235 539 545 235 539 370 247
566 764 539 539 515 640 35 247 235 539 165 547 478 539 259 235 539 545 235 539
500 515 640 764 764 547 544 547 515 640 35 247 235 539 165 547 478 547 515 640
547 545 235 539 370 247 235 539 85 547 16 10 547 539 259 545 235 539 370 247
566 764 539 539 515 640 35 247 235 539 547 165 547 479 539 259 235 539 669 586
539 648 515 640 764 539 539 515 640 35 247 235 539 165 547 478 539 259 235 539
545 235 539 500 515 640 764 764 547 544 547 515 640 35 247 235 539 165 547 478
539 259 235 539 545 235 539 500 515 640 764 539 539 515 640 35 247 235 539 165
547 478 539 259 235 539 545 235 539 500 515 640 764 547 539 259 545 235 539 506
554 235 539 30 547 13 75 75 539 539 544 547 515 640 35 247 235 539 165 547
545 235 539 478 547 515 640 500 515 640 764 539 539 235 539 226 669 235 539 500
515 640 764 539 539 515 640 545 553 545 235 539 500 515 640 764 539 539 515 640
35 247 235 539 165 547 480 539 259 235 539 545 235 539 500 515 640 764 539 539
515 640 35 247 235 539 165 547 478 539 259 235 539 226 669 554 73 547 294 547
297 539 259 235 539 545 235 539 500 515 640 764 547 539 259 545 235 539 370 247
235 539 30 329 539 539 547 515 640 35 247 235 539 165 547 479 539 259 235 539
545 235 539 500 515 640 764 539 539 515 640 35 247 235 539 165 547 480 539 259
235 539 545 235 539 500 515 640 764 539 539 515 640 35 247 235 539 165 547 545
235 539 479 547 515 640 500 515 640 764 539 539 235 539 226 669 235 539 35 247
557 500 515 640 764 539 539 235 539 165 547 480 539 259 235 539 545 235 539 500
515 640 764 539 539 515 640 35 247 235 539 165 547 478 539 259 235 539 669 586
539 370 247 235 539 30 547 235 539 660 547 86 675 547 539 259 545 235 539 506
554 235 539 30 547 235 539 642 547 677 547 761 675 547 539 259 545 235 539 500
515 640 764 539 539 515 640 35 247 235 539 165 547 478 539 259 235 539 669 586
539 370 247 235 539 30 547 235 539 757 547 769 675 547 539 259 545 235 539 500
515 640 764 539 539 515 640 35 247 235 539 165 547 477 539 259 235 539 669 586
539 648 515 640 24 539 539 515 640 35 247 235 539 165 547 478 539 259 235 539
226 669 554 235 539 165 547 478 539 259 235 539 226 669 554 235 539 165 547 480
539 259 235 539 545 235 539 370 247 235 539 427 257 257 547 539 259 544 226 669
554 235 539 165 547 478 539 259 235 539 226 669 554 235 539 165 547 480 539 259
235 539 226 669 554 235 539 165 547 478 539 259 235 539 226 669 554 235 539 165
547 480 539 259 235 539 226 669 554 235 539 165 547 545 235 539 370 247 235 539
375 329 329 539 539 35 247 480 539 259 235 539 226 669 554 235 539 165 547 478
539 259 235 539 226 669 554 235 539 165 547 478 539 259 235 539 226 669 515 640
547 165 547 478 539 259 235 539 226 669 554 235 539 165 547 479 539 259 235 539
545 235 539 370 247 235 539 464 568 194 194 539 539 539 259 544 226 669 515 640
547 165 547 478 539 259 235 539 226 669 554 235 539 165 547 478 539 259 235 539
226 669 554 235 539 165 547 480 539 259 235 539 226 669 554 235 539 165 547 480
539 259 235 539 545 235 539 370 247 235 539 455 230 230 547 539 259 544 226 669
554 235 539 165 547 480 539 259 235 539 226 669 554 235 539 165 547 478 539 259
235 539 226 669 554 235 539 165 547 478 539 259 235 539 226 669 554 235 539 165
547 478 539 259 235 539 226 669 554 235 539 165 547 478 539 259 235 539 669 586
539 370 247 235 539 375 329 329 547 539 259 544 226 669 554 235 539 165 547 478
539 259 235 539 226 669 554 235 539 165 547 478 539 259 235 539 226 669 515 640
547 165 547 478 539 259 235 539 226 669 554 235 539 165 547 478 539 259 235 539
226 669 554 235 539 165 547 478 539 259 235 539 226 669 554 235 539 165 547 480
539 259 235 539 226 669 554 235 539 165 547 480 539 259 235 539 226 669 515 640
547 165 547 479 539 259 235 539 226 669 554 235 539 165 547 479 539 259 235 539
226 669 554 235 539 165 547 478 539 259 235 539 226 669 554 235 539 165 547 478
545 545 545 545 545 553 226 669 554 684 547 47 521 467 515 640 554 360 547 47
537 515 640 395 547 47 521 307 554 235 539 235 539 226 669 554 367 547 311 547
515 640 235 539 35 247 373 547 243 539 259 235 539 226 669 554 73 547 341 547
297 539 259 235 539 226 669 554 73 547 289 547 297 539 259 235 539 545 235 539
512 515 640 49 49 539 539 544 539 259 545 235 539 506 515 640 6 6 539 539
226 669 545 235 539 490 515 640 11 11 547 544 539 259 545 235 539 490 515 640
11 547 539 259 545 235 539 490 515 640 11 547 539 259 545 235 539 490 515 640
11 547 539 259 545 235 539 490 515 640 11 11 547 544 539 259 545 235 539 490
515 640 11 547 539 259 545 235 539 490 515 640 11 547 539 259 545 235 539 490
515 640 11 547 539 259 545 235 539 490 515 640 11 539 539 515 640 545 515 640
547 165 547 478 539 259 235 539 545 235 539 490 554 235 539 753 591 547 539 259
545 235 539 505 558 554 235 539 109 233 539 539 539 259 35 247 73 547 294 547
297 539 259 235 539 545 235 539 370 247 235 539 30 547 700 547 163 547 539 259
545 235 539 479 554 235 539 778 539 259 235 539 547 515 640 35 247 235 539 165
547 480 539 259 235 539 226 669 554 235 539 165 547 479 539 259 235 539 669 586
547 488 515 640 781 781 547 544 539 259 545 235 539 497 515 640 764 547 539 259
226 669 554 235 539 165 547 478 539 259 235 539 545 235 539 497 515 640 764 547
547 515 640 35 247 235 539 165 547 478 539 259 235 539 545 235 539 497 515 640
764 764 547 544 547 515 640 35 247 235 539 165 547 480 539 259 235 539 669 586
539 370 247 235 539 30 547 643 547 230 547 539 259 545 235 539 497 515 640 764
539 539 515 640 35 247 235 539 165 547 478 539 259 235 539 545 235 539 370 247
566 764 539 539 515 640 35 247 235 539 547 165 547 545 235 539 497 515 640 764
547 480 539 259 235 539 235 539 226 669 235 539 545 515 640 497 515 640 764 547
547 235 539 165 547 478 539 259 235 539 545 235 539 497 515 640 764 547 539 259
226 669 554 235 539 165 547 478 539 259 235 539 545 235 539 370 247 235 539 30
547 196 676 547 539 259 545 235 539 497 515 640 764 764 547 544 547 515 640 545
554 235 539 165 547 478 539 259 235 539 545 235 539 497 515 640 764 547 539 259
226 669 554 235 539 165 547 478 539 259 235 539 545 235 539 497 515 640 764 547
547 515 640 35 247 235 539 165 547 478 539 259 235 539 545 235 539 497 515 640
764 539 539 515 640 35 247 235 539 165 547 480 539 259 235 539 545 235 539 497
515 640 764 539 539 515 640 35 247 73 547 294 547 297 539 259 235 539 669 586
539 370 247 235 539 126 231 539 539 547 515 640 35 247 235 539 165 547 478 547
554 235 539 545 235 539 497 515 640 764 539 539 515 640 35 247 235 539 165 547
478 539 259 235 539 545 235 539 497 515 640 764 539 539 515 640 35 247 235 539
165 547 478 539 259 235 539 545 235 539 497 515 640 764 539 539 515 640 35 247
235 539 165 547 545 235 539 497 515 640 764 547 539 259 478 539 259 235 539 545
235 539 497 515 640 764 539 539 515 640 35 247 235 539 165 547 478 547 515 640
547 545 235 539 370 247 235 539 30 547 611 547 156 657 547 539 259 545 235 539
497 515 640 764 539 539 515 640 35 247 235 539 165 547 478 539 259 235 539 545
235 539 497 515 640 764 539 539 515 640 35 247 235 539 165 547 478 547 515 640
547 545 235 539 497 515 640 783 547 539 259 545 235 539 370 247 235 539 379 547
611 547 639 547 731 777 777 547 539 259 544 226 669 554 235 539 165 545 235 539
370 247 235 539 379 539 539 235 539 660 547 29 734 547 539 259 478 547 515 640
547 545 235 539 497 515 640 24 539 539 515 640 35 247 235 539 165 547 478 547
554 235 539 226 669 554 235 539 165 547 478 539 259 235 539 226 669 554 235 539
165 547 478 539 259 235 539 226 669 554 235 539 165 547 479 539 259 235 539 545
235 539 370 247 235 539 455 231 231 547 539 259 544 226 669 554 235 539 165 547
479 539 259 235 539 226 669 554 235 539 165 547 478 539 259 235 539 226 669 554
235 539 165 547 479 539 259 235 539 226 669 554 235 539 165 547 478 547 515 640
547 545 235 539 370 247 235 539 375 330 330 547 539 259 544 226 669 554 235 539
165 547 478 539 259 235 539 226 669 554 235 539 165 547 478 539 259 235 539 558
35 247 235 539 165 547 479 539 259 235 539 226 669 554 235 539 165 547 478 547
554 235 539 226 669 554 235 539 165 547 478 539 259 235 539 545 235 539 370 247
566 464 203 539 539 547 515 640 35 247 235 539 165 547 478 539 259 235 539 558
35 247 235 539 165 547 479 539 259 235 539 226 669 554 235 539 165 547 478 547
554 235 539 226 669 554 235 539 165 545 235 539 539 370 247 235 539 375 330 330
539 539 35 247 478 539 259 235 539 545 235 539 370 247 235 539 375 330 330 547
545 545 545 545 545 553 545 553 226 669 554 684 547 47 521 467 515 640 554 360
547 47 537 515 640 395 547 47 521 307 515 640 235 539 539 259 35 247 367 547
311 547 515 640 235 539 35 247 373 547 243 539 259 235 539 226 669 554 73 547
341 547 297 539 259 235 539 545 235 539 513 515 640 6 547 539 259 545 235 539
490 515 640 11 11 547 544 539 259 545 235 539 490 515 640 11 547 539 259 545
235 539 490 515 640 11 539 539 515 640 35 247 235 539 165 235 539 35 247 73
547 294 547 297 539 259 235 539 478 539 259 235 539 545 235 539 490 554 235 539
753 547 591 539 259 545 235 539 370 247 235 539 30 547 235 539 107 751 539 539
515 640 35 247 73 547 289 547 297 539 259 235 539 545 235 539 370 247 235 539
30 547 235 539 784 76 539 539 547 515 640 35 247 235 539 165 547 480 539 259
235 539 545 235 539 479 515 640 779 779 547 544 539 259 545 235 539 488 515 640
781 547 539 259 545 235 539 497 515 640 764 539 539 515 640 35 247 235 539 547
165 547 478 539 259 235 539 545 235 539 512 515 640 49 539 539 539 259 669 586
539 648 515 640 764 539 539 515 640 35 247 235 539 165 547 480 539 259 235 539
545 235 539 497 515 640 764 539 539 515 640 35 247 235 539 165 547 479 539 259
235 539 545 235 539 497 515 640 764 539 539 515 640 35 247 235 539 165 547 478
539 259 235 539 545 235 539 370 247 235 539 30 547 765 107 539 539 539 259 545
235 539 497 515 640 764 539 539 515 640 35 247 235 539 165 547 479 547 515 640
547 545 235 539 497 515 640 764 539 539 515 640 35 247 235 539 165 547 480 547
554 235 539 545 235 539 497 515 640 764 764 547 544 547 515 640 35 247 235 539
165 547 479 539 259 235 539 545 235 539 497 515 640 764 764 547 544 547 515 640
35 247 235 539 165 545 235 539 539 648 515 640 764 547 539 259 478 547 515 640
547 545 235 539 370 247 235 539 30 547 643 547 1 771 547 539 259 545 235 539
497 515 640 764 764 547 544 547 515 640 35 247 235 539 165 547 478 547 515 640
547 545 235 539 497 515 640 764 539 539 515 640 35 247 235 539 165 547 479 547
554 235 539 545 235 539 497 515 640 764 764 547 544 547 515 640 35 247 235 539
165 547 479 539 259 235 539 545 235 539 497 515 640 764 539 539 515 640 35 247
235 539 165 547 478 539 259 235 539 226 669 554 73 547 294 547 297 547 515 640
547 545 235 539 497 515 640 764 539 539 515 640 35 247 235 539 165 547 478 547
515 640 545 235 539 539 370 247 235 539 30 547 100 771 547 539 259 545 235 539
497 515 640 764 764 547 544 547 515 640 35 247 235 539 165 547 479 547 515 640
547 545 235 539 497 515 640 764 539 539 515 640 35 247 235 539 165 547 478 547
554 235 539 545 235 539 497 515 640 764 764 547 544 547 515 640 35 247 235 539
165 547 478 539 259 235 539 545 235 539 497 515 640 764 539 539 515 640 35 247
235 539 165 547 545 235 539 497 515 640 764 547 480 539 259 235 539 235 539 545
235 539 370 247 235 539 30 547 235 539 660 547 3 751 751 547 751 547 515 640
35 247 235 539 165 545 235 539 497 515 640 764 539 539 539 259 480 547 515 640
547 545 235 539 497 515 640 783 539 539 515 640 35 247 235 539 165 547 478 547
554 235 539 545 235 539 370 247 235 539 760 547 235 539 174 547 235 539 660 547
3 751 547 539 259 545 235 539 370 247 235 539 354 547 596 547 235 539 660 547
691 547 76 539 259 545 235 539 497 515 640 24 539 539 515 640 35 247 235 539
165 547 478 539 259 235 539 226 669 554 235 539 165 547 478 539 259 235 539 558
35 247 235 539 165 547 479 539 259 235 539 226 669 554 235 539 165 547 478 547
554 235 539 545 235 539 370 247 235 539 375 330 330 547 539 259 544 226 669 554
235 539 165 547 480 539 259 235 539 226 669 554 235 539 165 547 480 547 515 640
539 259 35 247 235 539 165 547 477 539 259 235 539 226 669 554 235 539 165 547
478 539 259 235 539 226 669 554 235 539 165 547 480 539 259 235 539 545 235 539
370 247 235 539 375 330 330 547 539 259 544 226 669 554 235 539 165 547 478 547
554 235 539 226 669 554 235 539 165 547 480 539 259 235 539 226 669 554 235 539
165 547 479 539 259 235 539 226 669 554 235 539 165 547 480 539 259 235 539 545
235 539 370 247 235 539 375 330 330 547 539 259 544 226 669 554 235 539 165 547
480 539 259 235 539 226 669 554 235 539 165 547 478 539 259 235 539 226 669 554
235 539 165 547 480 539 259 235 539 226 669 554 235 539 165 547 479 547 515 640
539 259 35 247 235 539 165 547 478 539 259 235 539 545 235 539 370 247 235 539
375 330 330 547 539 259 544 545 235 539 370 247 235 539 375 330 539 539 515 640
545 545 545 545 545 545 545 545 545 553 226 669 554 684 547 47 521 467 515 640
554 360 547 47 537 515 640 395 547 47 521 307 515 640 235 539 539 259 35 247
367 547 311 547 515 640 235 539 35 247 373 547 243 539 259 235 539 226 669 554
73 547 341 547 297 539 259 235 539 226 669 554 73 547 289 547 297 547 515 640
547 545 235 539 513 515 640 6 547 539 259 545 235 539 490 515 640 11 11 547
544 539 259 545 235 539 512 515 640 49 539 539 539 259 545 235 539 490 515 640
11 539 539 515 640 35 247 235 539 165 545 235 539 547 490 554 235 539 753 590
590 547 544 547 515 640 545 235 539 506 515 640 545 539 259 30 547 235 539 106
751 73 539 539 235 539 294 547 297 539 259 235 539 480 539 259 235 539 669 586
539 370 247 235 539 30 547 235 539 184 675 547 539 259 545 235 539 480 515 640
547 778 539 259 235 539 547 515 640 35 247 235 539 165 547 480 539 259 235 539
669 586 558 226 669 235 539 547 489 515 640 781 547 35 247 235 539 226 669 558
539 648 515 640 764 539 539 235 539 165 547 478 539 259 235 539 545 235 539 500
515 640 764 539 539 515 640 35 247 235 539 165 547 478 539 259 235 539 669 586
539 648 515 640 764 539 539 515 640 35 247 235 539 165 547 478 539 259 235 539
545 235 539 500 515 640 764 539 539 515 640 35 247 235 539 547 165 547 669 586
539 370 247 235 539 30 547 643 547 227 235 539 539 259 480 539 259 235 539 545
235 539 500 515 640 764 764 547 544 547 515 640 35 247 235 539 165 547 480 547
554 235 539 545 235 539 500 515 640 764 539 539 515 640 35 247 235 539 547 165
547 478 539 259 235 539 545 235 539 500 515 640 764 539 539 515 640 545 515 640
547 165 547 480 539 259 235 539 545 235 539 500 515 640 764 764 547 544 539 259
226 669 554 235 539 165 547 478 539 259 235 539 545 235 539 500 515 640 764 764
547 544 539 259 545 235 539 506 515 640 464 547 625 235 539 539 539 515 640 545
554 235 539 165 547 478 539 259 235 539 545 235 539 500 515 640 764 547 539 259
226 669 554 235 539 165 547 545 235 539 500 515 640 764 764 547 544 539 259 480
539 259 235 539 226 669 235 539 500 515 640 764 35 247 235 539 547 235 539 165
547 478 539 259 235 539 545 235 539 500 515 640 764 764 547 544 547 515 640 545
554 235 539 165 547 479 539 259 235 539 226 669 554 73 547 294 547 297 539 259
235 539 545 235 539 500 515 640 764 764 669 586 773 226 669 554 235 539 165 547
478 547 515 640 773 547 539 259 545 235 539 370 247 235 539 317 42 547 539 259
226 669 554 235 539 165 547 545 235 539 500 515 640 764 764 547 544 539 259 478
539 259 235 539 545 235 539 500 515 640 764 539 539 515 640 35 247 235 539 165
547 478 539 259 235 539 545 235 539 500 515 640 764 539 539 515 640 545 515 640
547 165 547 479 539 259 235 539 545 235 539 500 515 640 764 539 539 515 640 545
554 235 539 165 547 480 539 259 235 539 545 235 539 370 247 235 539 30 547 197
675 675 547 544 539 259 545 235 539 500 515 640 764 547 764 544 547 515 640 545
554 235 539 165 547 478 539 259 235 539 545 235 539 500 515 640 764 547 539 259
226 669 554 235 539 165 547 478 539 259 235 539 545 235 539 500 515 640 24 547
547 515 640 35 247 235 539 165 547 478 539 259 235 539 226 669 554 235 539 165
547 479 539 259 235 539 545 235 539 370 247 235 539 375 547 662 498 539 539 259
226 669 554 235 539 165 547 478 539 259 235 539 226 669 554 235 539 165 547 480
539 259 235 539 226 669 554 235 539 165 547 479 539 259 235 539 226 669 515 640
547 165 547 478 539 259 235 539 226 669 554 235 539 165 547 545 235 539 370 247
235 539 375 329 329 547 539 259 544 478 539 259 235 539 226 669 554 235 539 165
547 480 539 259 235 539 226 669 554 235 539 165 547 480 539 259 235 539 226 669
554 235 539 165 547 480 539 259 235 539 226 669 554 235 539 165 547 478 539 259
235 539 545 235 539 370 247 235 539 375 329 329 547 539 259 544 226 669 515 640
547 165 547 478 539 259 235 539 226 669 554 235 539 165 547 478 539 259 235 539
226 669 554 235 539 165 547 478 539 259 235 539 226 669 554 235 539 165 547 479
539 259 235 539 545 235 539 370 247 235 539 375 329 329 547 539 259 544 226 669
554 235 539 165 547 235 539 226 669 554 235 539 165 547 479 539 259 235 539 558
35 247 235 539 165 547 478 539 259 235 539 545 235 539 370 247 235 539 375 329
329 547 539 259 544 545 226 669 235 539 370 247 235 539 455 230 539 539 515 640
35 247 235 539 165 547 478 539 259 235 539 226 669 554 235 539 165 547 479 547
545 545 545 545 545 553 226 669 554 684 547 47 521 467 515 640 554 360 547 47
537 515 640 395 547 47 521 307 554 235 539 547 515 640 35 247 367 547 311 547
515 640 235 539 35 247 373 547 243 539 259 235 539 226 669 554 73 547 341 547
297 539 259 235 539 226 669 554 73 547 289 547 297 539 259 235 539 545 235 539
513 515 640 6 6 539 539 544 226 669 235 539 490 515 640 11 11 547 539 259
544 545 235 539 490 515 640 11 539 539 515 640 35 247 235 539 165 547 494 554
547 235 539 226 669 554 73 547 294 547 297 539 259 235 539 545 235 539 490 554
235 539 753 590 590 547 539 259 544 545 235 539 370 247 235 539 237 106 106 547
539 259 544 545 235 539 506 515 640 464 614 547 614 547 539 259 544 545 235 539
480 554 235 539 778 555 235 539 547 544 515 640 35 247 235 539 547 165 547 494
539 259 235 539 545 235 539 512 515 640 49 49 547 545 539 259 544 547 539 259
489 515 640 781 547 539 259 545 235 539 500 515 640 764 539 539 515 640 35 247
235 539 165 547 494 539 259 235 539 545 235 539 500 515 640 764 764 547 539 259
544 226 669 554 235 539 165 547 494 235 539 235 539 545 235 539 500 515 640 764
764 547 539 259 544 226 669 554 235 539 165 547 494 539 259 235 539 545 235 539
500 515 640 764 764 539 539 544 515 640 35 247 235 539 165 547 494 235 539 554
547 545 235 539 506 515 640 464 625 625 539 539 544 539 259 545 235 539 370 247
566 764 539 539 515 640 35 247 235 539 165 547 493 235 539 235 539 545 235 539
500 515 640 764 539 539 515 640 35 247 235 539 165 547 494 235 539 235 539 545
235 539 500 515 640 764 539 539 515 640 35 247 235 539 165 547 494 235 539 554
547 545 235 539 500 515 640 764 539 539 515 640 35 247 235 539 165 547 494 547
554 235 539 545 235 539 500 515 640 764 539 539 515 640 35 247 235 539 165 547
493 235 539 235 539 545 235 539 370 247 235 539 126 229 539 539 539 259 669 586
539 648 515 640 764 539 539 515 640 35 247 235 539 165 547 494 539 259 235 539
545 235 539 500 515 640 764 539 539 515 640 35 247 235 539 165 547 494 539 259
235 539 545 235 539 500 515 640 764 539 539 515 640 35 247 235 539 165 547 493
554 235 539 235 539 545 235 539 500 515 640 764 539 539 515 640 35 247 235 539
165 547 494 554 235 539 235 539 545 235 539 500 515 640 764 539 539 515 640 545
554 73 547 294 547 297 539 259 235 539 226 669 554 235 539 165 547 494 539 259
235 539 545 235 539 370 247 235 539 435 675 547 539 259 545 235 539 500 515 640
764 539 539 515 640 35 247 235 539 165 547 494 547 515 640 235 539 545 235 539
500 515 640 764 539 539 515 640 35 247 235 539 165 547 493 235 539 235 539 545
235 539 500 515 640 764 539 539 515 640 35 247 235 539 165 547 494 235 539 554
547 545 235 539 500 515 640 764 539 539 515 640 35 247 235 539 165 547 494 554
547 235 539 545 235 539 500 515 640 764 764 547 544 547 515 640 545 515 640 545
235 539 165 539 370 247 235 539 30 539 539 14 75 494 539 259 235 539 539 539
235 539 545 235 539 500 515 640 764 539 539 515 640 545 515 640 165 547 539 259
493 554 235 539 545 235 539 500 515 640 764 539 539 515 640 35 247 235 539 165
547 494 539 259 235 539 545 235 539 500 515 640 4 539 539 515 640 545 515 640
547 165 547 494 235 539 235 539 226 669 554 235 539 165 547 494 539 259 235 539
545 235 539 370 247 235 539 265 258 258 547 544 547 515 640 35 247 235 539 165
547 494 235 539 235 539 226 669 554 235 539 165 547 494 539 259 235 539 226 669
554 235 539 165 547 494 235 539 235 539 226 669 554 235 539 165 547 494 235 539
235 539 226 669 554 235 539 165 547 494 539 259 235 539 545 235 539 506 515 640
464 560 19 19 539 539 547 539 259 544 226 669 554 235 539 165 547 493 515 640
547 235 539 226 669 554 235 539 165 547 494 539 259 235 539 226 669 554 235 539
165 547 494 235 539 235 539 226 669 554 235 539 165 547 494 235 539 235 539 558
35 247 235 539 165 547 494 235 539 235 539 545 235 539 370 247 235 539 464 560
19 19 539 539 539 259 544 226 669 554 235 539 165 547 494 539 259 235 539 558
35 247 235 539 165 547 494 539 259 235 539 226 669 554 235 539 165 547 493 554
235 539 554 235 539 226 669 554 235 539 165 547 494 539 259 235 539 226 669 554
235 539 165 547 494 235 539 515 640 235 539 545 235 539 506 515 640 464 27 27
539 539 539 259 544 226 669 554 235 539 165 547 494 235 539 235 539 226 669 554
235 539 165 547 493 554 235 539 235 539 226 669 554 235 539 165 547 494 235 539
545 545 545 545 545 545 553 553 226 669 554 684 547 47 521 467 515 640 554 360
547 47 537 515 640 395 547 47 521 307 554 235 539 547 515 640 35 247 367 547
320 547 515 640 235 539 35 247 373 547 243 539 259 235 539 226 669 554 73 547
341 547 297 539 259 235 539 545 235 539 513 515 640 6 547 539 259 545 235 539
490 515 640 11 539 539 515 640 35 247 73 547 289 547 297 539 259 235 539 545
235 539 490 515 640 11 547 539 259 545 235 539 490 515 640 11 547 539 259 545
235 539 490 515 640 11 547 539 259 545 235 539 490 515 640 11 539 539 515 640
35 247 235 539 165 547 494 235 539 235 539 226 669 554 73 547 294 547 297 547
554 235 539 545 235 539 490 554 235 539 753 539 259 590 547 539 259 545 235 539
370 247 235 539 30 547 235 539 741 539 259 106 539 539 539 259 545 235 539 505
554 235 539 30 547 235 539 170 688 547 539 259 545 235 539 512 515 640 49 547
547 539 259 545 235 539 479 554 235 539 778 539 259 235 539 547 515 640 35 247
235 539 165 547 494 235 539 235 539 545 235 539 488 515 640 781 547 539 259 545
235 539 497 515 640 764 539 539 515 640 35 247 235 539 165 547 494 235 539 554
547 545 235 539 497 515 640 764 539 539 515 640 35 247 235 539 165 547 494 547
554 235 539 545 235 539 497 515 640 764 539 539 515 640 35 247 235 539 165 547
494 235 539 235 539 545 235 539 497 515 640 764 539 539 515 640 35 247 235 539
165 547 494 235 539 235 539 545 235 539 370 247 235 539 126 230 539 539 539 259
545 235 539 497 515 640 764 539 539 515 640 35 247 235 539 165 547 494 235 539
235 539 545 235 539 497 515 640 764 539 539 515 640 35 247 235 539 165 547 494
539 259 235 539 545 235 539 497 515 640 764 539 539 515 640 35 247 235 539 165
547 494 539 259 235 539 545 235 539 497 515 640 764 539 539 515 640 545 515 640
547 165 547 494 539 259 235 539 545 235 539 497 515 640 764 539 539 515 640 545
554 235 539 165 547 494 235 539 235 539 545 235 539 370 247 235 539 126 230 547
547 539 259 545 235 539 497 515 640 764 539 539 515 640 35 247 235 539 165 547
494 539 259 235 539 545 235 539 497 515 640 764 539 539 515 640 35 247 235 539
165 547 494 235 539 235 539 545 235 539 497 515 640 764 539 539 515 640 35 247
235 539 165 547 493 235 539 235 539 545 235 539 497 515 640 764 764 547 544 547
515 640 35 247 235 539 165 547 493 235 539 235 539 545 235 539 497 515 640 764
539 539 515 640 35 247 73 547 294 547 297 539 259 235 539 226 669 554 235 539
165 547 494 235 539 235 539 545 235 539 370 247 235 539 30 330 539 539 539 259
545 235 539 497 515 640 764 539 539 515 640 35 247 235 539 165 547 494 235 539
235 539 545 235 539 497 515 640 764 764 547 544 547 515 640 35 247 235 539 165
547 493 235 539 235 539 545 235 539 497 515 640 764 539 539 515 640 545 515 640
547 165 547 494 539 259 235 539 545 235 539 497 515 640 764 539 539 515 640 545
554 235 539 165 547 494 235 539 235 539 545 235 539 497 515 640 764 547 539 259
226 669 554 235 539 165 547 493 235 539 235 539 545 235 539 370 247 235 539 126
231 231 539 539 544 539 259 545 235 539 497 515 640 764 539 539 515 640 35 247
235 539 165 547 494 235 539 235 539 545 235 539 497 515 640 764 539 539 515 640
35 247 235 539 165 547 494 235 539 235 539 545 235 539 497 515 640 4 539 539
515 640 35 247 235 539 165 547 494 539 259 235 539 226 669 554 235 539 165 547
494 235 539 235 539 226 669 554 235 539 165 547 494 554 235 539 226 669 235 539
505 515 640 464 28 28 539 539 539 259 544 226 669 554 235 539 165 547 494 554
547 235 539 226 669 554 235 539 165 547 494 235 539 235 539 226 669 554 235 539
165 547 494 235 539 235 539 226 669 554 235 539 165 547 494 554 235 539 235 539
545 235 539 370 247 235 539 204 330 330 539 539 539 259 544 226 669 554 235 539
165 547 494 539 259 235 539 226 669 554 235 539 165 494 235 539 235 539 226 669
554 235 539 165 547 494 235 539 554 235 539 226 669 554 235 539 165 547 494 547
554 235 539 226 669 554 235 539 165 547 493 235 539 554 235 539 545 235 539 505
515 640 464 28 28 539 539 539 259 544 226 669 554 235 539 165 547 494 539 259
235 539 226 669 554 235 539 165 547 494 235 539 235 539 226 669 554 235 539 165
547 494 235 539 235 539 226 669 554 235 539 165 547 494 235 539 235 539 226 669
554 235 539 165 547 494 539 259 235 539 545 235 539 370 247 235 539 361 164 164
547 539 259 544 226 669 554 235 539 165 547 494 235 539 235 539 226 669 515 640
539 539 165 547 494 235 539 235 539 226 669 554 235 539 165 547 494 235 539 554
545 545 545 545 545 553 226 669 554 684 547 47 521 467 515 640 554 360 547 47
537 515 640 395 547 47 521 307 554 235 539 547 515 640 35 247 367 547 311 547
515 640 226 669 554 373 539 539 243 539 259 235 539 226 669 554 73 547 341 547
297 539 259 235 539 545 235 539 512 515 640 49 49 539 539 547 544 515 640 545
554 73 547 289 547 297 539 259 235 539 545 235 539 505 515 640 6 6 539 539
226 669 545 235 539 490 515 640 11 547 539 259 545 235 539 490 515 640 11 547
539 259 545 235 539 490 515 640 11 547 539 259 545 235 539 490 515 640 11 547
547 515 640 35 247 235 539 165 547 493 235 539 235 539 226 669 554 73 547 294
547 297 539 259 235 539 545 235 539 490 554 235 539 753 591 547 539 259 669 586
539 370 247 235 539 30 547 752 539 259 106 539 539 539 259 545 235 539 370 247
235 539 30 547 752 107 539 539 539 259 545 235 539 479 554 235 539 778 539 259
235 539 547 515 640 35 247 235 539 547 165 547 494 235 539 235 539 545 235 539
488 515 640 781 547 539 259 545 235 539 497 515 640 764 539 539 515 640 35 247
235 539 165 547 494 235 539 235 539 545 235 539 497 515 640 764 539 539 515 640
35 247 235 539 165 547 494 235 539 235 539 545 235 539 497 515 640 764 539 539
515 640 35 247 235 539 547 165 547 494 539 259 235 539 545 235 539 497 515 640
764 539 539 515 640 35 247 235 539 165 547 494 235 539 235 539 545 235 539 497
515 640 764 547 539 259 545 235 539 370 247 235 539 30 547 13 76 539 539 547
515 640 35 247 235 539 165 547 494 235 539 235 539 545 235 539 497 515 640 764
764 547 544 547 515 640 35 247 235 539 165 547 494 235 539 235 539 545 235 539
497 515 640 764 764 547 544 547 515 640 35 247 235 539 165 547 494 547 515 640
547 545 235 539 497 515 640 764 764 547 544 547 515 640 545 515 640 165 547 494
539 259 235 539 545 235 539 497 515 640 764 539 539 515 640 35 247 235 539 165
547 494 235 539 235 539 545 235 539 497 515 640 764 547 539 259 545 235 539 505
554 235 539 30 547 661 210 539 539 547 515 640 35 247 235 539 165 547 494 554
547 235 539 545 235 539 497 515 640 764 539 539 515 640 35 247 235 539 165 547
494 235 539 235 539 545 235 539 497 515 640 764 539 539 515 640 35 247 235 539
165 547 494 539 259 235 539 545 235 539 497 515 640 764 539 539 515 640 35 247
235 539 165 547 494 235 539 235 539 545 235 539 497 515 640 764 539 539 515 640
35 247 73 547 294 547 297 539 259 235 539 226 669 554 235 539 165 547 494 554
547 235 539 545 235 539 370 247 235 539 126 231 539 539 539 259 545 235 539 497
515 640 764 764 547 544 547 515 640 35 247 235 539 165 547 494 539 259 235 539
545 235 539 497 515 640 764 539 539 515 640 35 247 235 539 165 547 494 235 539
235 539 545 235 539 497 515 640 764 539 539 515 640 35 247 235 539 165 547 494
547 515 640 545 235 539 497 515 640 764 547 539 259 235 539 226 669 554 235 539
165 547 494 235 539 235 539 545 235 539 497 515 640 764 539 539 515 640 669 586
539 648 515 640 545 235 539 126 231 235 539 539 539 235 539 165 547 493 515 640
547 235 539 545 235 539 497 515 640 764 539 539 515 640 35 247 235 539 165 547
494 235 539 235 539 545 235 539 497 515 640 764 764 547 544 547 515 640 35 247
235 539 165 547 493 235 539 235 539 545 235 539 497 515 640 4 539 539 515 640
35 247 235 539 165 547 494 235 539 235 539 226 669 515 640 165 547 494 235 539
235 539 545 235 539 370 247 235 539 371 151 151 547 539 259 544 226 669 515 640
547 165 547 494 539 259 235 539 226 669 554 235 539 165 547 494 539 259 235 539
226 669 554 235 539 165 547 494 554 235 539 235 539 226 669 554 235 539 165 547
494 235 539 235 539 226 669 554 235 539 165 547 494 539 259 235 539 545 235 539
370 247 235 539 301 231 231 547 539 259 544 226 669 554 235 539 165 547 494 547
554 235 539 226 669 554 235 539 165 547 493 235 539 554 235 539 226 669 515 640
547 165 547 494 235 539 235 539 226 669 554 235 539 165 547 493 235 539 235 539
226 669 554 235 539 165 547 494 235 539 235 539 545 235 539 370 247 235 539 403
119 119 547 539 259 544 226 669 554 235 539 165 547 494 235 539 235 539 226 669
554 235 539 165 547 494 539 259 235 539 226 669 554 235 539 165 547 494 235 539
235 539 226 669 554 235 539 547 165 547 494 235 539 235 539 226 669 554 235 539
165 547 493 235 539 235 539 545 235 539 370 247 235 539 366 158 158 547 539 259
544 226 669 554 235 539 165 547 494 235 539 235 539 226 669 554 235 539 165 547
226 669 554 684 547 47 521 467 515 640 554 360 547 47 537 515 640 402 547 47
521 307 554 235 539 547 515 640 35 247 367 547 311 547 515 640 235 539 35 247
373 547 243 539 259 235 539 226 669 554 73 547 341 547 297 539 259 235 539 558
35 247 73 547 289 547 297 539 259 235 539 545 235 539 506 515 640 6 539 539
226 669 235 539 490 515 640 11 11 547 539 259 544 545 235 539 490 515 640 11
11 547 544 539 259 545 235 539 490 515 640 11 539 539 515 640 35 247 235 539
165 547 493 539 259 235 539 545 235 539 490 554 235 539 753 591 547 539 259 545
235 539 370 247 235 539 30 547 752 547 763 675 547 539 259 545 235 539 370 247
235 539 30 547 235 539 215 641 641 547 539 259 544 226 669 554 73 547 294 547
297 539 259 235 539 545 235 539 479 554 235 539 778 539 259 235 539 547 515 640
35 247 235 539 165 547 493 235 539 235 539 545 235 539 488 515 640 781 781 547
544 539 259 545 235 539 497 515 640 764 539 539 515 640 35 247 235 539 165 547
494 554 235 539 539 259 545 235 539 497 515 640 783 539 539 515 640 545 515 640
547 165 547 494 554 235 539 539 259 545 235 539 497 515 640 783 539 539 515 640
35 247 235 539 165 547 494 235 539 554 235 539 545 235 539 497 515 640 783 547
547 515 640 35 247 235 539 165 547 494 539 259 235 539 545 235 539 505 515 640
547 268 258 547 539 259 545 235 539 497 515 640 783 783 547 544 547 515 640 545
554 235 539 165 547 494 235 539 235 539 545 235 539 497 515 640 783 547 539 259
226 669 235 539 497 515 640 783 539 539 515 640 545 553 545 235 539 497 515 640
783 539 539 515 640 35 247 235 539 165 547 494 235 539 235 539 545 235 539 497
515 640 783 539 539 515 640 35 247 235 539 165 547 494 235 539 235 539 669 586
539 370 247 235 539 498 539 643 230 539 539 539 259 545 235 539 497 515 640 783
539 539 515 640 35 247 235 539 165 547 493 235 539 235 539 545 235 539 370 247
566 783 539 539 515 640 35 247 235 539 165 547 494 235 539 235 539 545 235 539
497 515 640 783 539 539 515 640 35 247 235 539 165 547 494 539 259 235 539 545
235 539 497 515 640 783 539 539 515 640 35 247 235 539 165 547 494 235 539 554
547 545 235 539 497 515 640 783 539 539 515 640 35 247 235 539 547 165 547 494
235 539 235 539 545 235 539 370 247 235 539 498 539 235 539 757 119 547 539 259
226 669 554 73 547 294 547 297 539 259 235 539 545 235 539 497 515 640 783 547
547 515 640 35 247 235 539 165 547 494 235 539 235 539 545 235 539 497 515 640
783 783 547 544 547 515 640 35 247 235 539 165 547 494 539 259 235 539 669 586
539 648 515 640 783 539 539 515 640 35 247 235 539 165 547 494 235 539 235 539
545 235 539 497 515 640 783 539 539 515 640 35 247 235 539 165 547 493 235 539
235 539 545 235 539 497 515 640 783 539 539 515 640 35 247 235 539 165 547 494
539 259 235 539 545 235 539 370 247 235 539 207 330 539 539 539 259 545 235 539
497 515 640 783 539 539 515 640 35 247 235 539 547 165 547 494 235 539 235 539
545 235 539 497 515 640 4 539 539 515 640 35 247 235 539 165 547 494 235 539
235 539 226 669 554 235 539 165 547 494 235 539 235 539 226 669 554 235 539 165
547 494 235 539 235 539 226 669 554 235 539 165 547 494 539 259 235 539 669 586
539 370 247 235 539 301 231 231 547 539 259 544 226 669 554 235 539 165 547 494
235 539 235 539 226 669 554 235 539 165 547 494 235 539 235 539 226 669 515 640
547 165 547 494 235 539 235 539 226 669 554 235 539 165 547 494 235 539 235 539
226 669 554 235 539 165 547 494 235 539 235 539 545 235 539 370 247 235 539 323
211 498 539 539 259 544 226 669 554 235 539 165 547 494 539 259 235 539 226 669
554 235 539 165 547 493 235 539 235 539 226 669 554 235 539 165 547 494 235 539
235 539 226 669 554 235 539 165 547 494 235 539 235 539 226 669 554 235 539 165
547 494 235 539 235 539 545 235 539 370 247 235 539 362 163 163 547 539 259 544
226 669 554 235 539 165 547 494 235 539 554 235 539 226 669 554 235 539 165 547
494 235 539 235 539 226 669 554 235 539 165 547 494 539 259 235 539 226 669 554
226 669 554 684 547 47 521 467 515 640 554 360 547 47 537 515 640 395 547 47
521 307 554 235 539 547 515 640 35 247 367 547 311 547 515 640 235 539 35 247
373 547 243 539 259 235 539 226 669 554 73 547 341 547 297 539 259 235 539 558
35 247 73 547 289 547 297 539 259 235 539 545 235 539 505 515 640 6 6 547
547 544 226 669 235 539 490 515 640 11 547 539 259 545 235 539 490 515 640 11
547 539 259 545 235 539 490 515 640 11 539 539 515 640 35 247 235 539 165 547
494 235 539 235 539 545 235 539 490 554 235 539 753 591 547 539 259 545 235 539
370 247 235 539 30 547 235 539 751 539 259 106 539 539 547 515 640 35 247 73
547 294 547 297 539 259 235 539 545 235 539 370 247 235 539 30 547 235 539 315
547 539 259 545 235 539 479 554 235 539 778 539 259 235 539 547 515 640 35 247
235 539 165 547 494 235 539 235 539 545 235 539 488 515 640 781 547 539 259 545
235 539 497 515 640 764 539 539 515 640 35 247 235 539 165 547 494 547 515 640
547 545 235 539 497 515 640 764 539 539 515 640 35 247 235 539 165 547 494 554
547 235 539 545 235 539 497 515 640 764 539 539 515 640 35 247 235 539 165 547
494 235 539 554 235 539 545 235 539 497 515 640 764 539 539 515 640 545 515 640
547 165 547 494 235 539 235 539 545 235 539 370 247 235 539 30 547 329 539 539
226 669 235 539 497 515 640 764 539 539 515 640 35 247 235 539 165 547 494 554
547 235 539 545 235 539 497 515 640 764 539 539 515 640 35 247 235 539 165 547
493 235 539 235 539 545 235 539 497 515 640 764 539 539 515 640 35 247 235 539
165 547 494 235 539 235 539 545 235 539 497 515 640 764 539 539 515 640 35 247
235 539 165 547 494 539 259 235 539 545 235 539 497 515 640 764 539 539 515 640
35 247 235 539 165 547 494 539 259 235 539 545 235 539 370 247 235 539 30 547
169 702 547 539 259 545 235 539 497 515 640 764 539 539 515 640 35 247 235 539
165 547 494 235 539 235 539 545 235 539 497 515 640 764 539 539 515 640 35 247
235 539 165 547 494 539 259 235 539 545 235 539 497 515 640 764 539 539 515 640
35 247 235 539 165 547 494 539 259 235 539 545 235 539 497 515 640 764 539 539
515 640 35 247 235 539 165 547 494 235 539 235 539 545 235 539 497 515 640 764
539 539 515 640 35 247 235 539 165 547 493 235 539 235 539 226 669 554 73 547
294 547 297 539 259 235 539 545 235 539 370 247 235 539 30 330 539 539 539 259
545 235 539 497 515 640 764 539 539 515 640 35 247 235 539 165 547 494 515 640
547 539 259 545 235 539 497 515 640 764 764 547 544 547 515 640 35 247 235 539
165 547 494 235 539 235 539 545 235 539 497 515 640 764 539 539 515 640 35 247
235 539 547 165 547 494 554 235 539 539 259 545 235 539 497 515 640 764 539 539
515 640 35 247 235 539 547 165 547 494 539 259 235 539 545 235 539 497 515 640
764 539 539 515 640 35 247 235 539 165 547 493 539 259 235 539 545 235 539 505
554 235 539 126 231 539 539 539 259 545 235 539 497 515 640 764 539 539 515 640
35 247 235 539 165 547 494 235 539 235 539 545 235 539 497 515 640 764 539 539
515 640 35 247 235 539 165 547 494 539 259 235 539 545 235 539 497 515 640 4
539 539 515 640 35 247 235 539 165 547 494 539 259 235 539 226 669 554 235 539
165 547 494 235 539 235 539 226 669 554 235 539 165 545 235 539 370 247 235 539
547 301 231 494 231 235 539 235 539 547 539 259 544 226 669 554 235 539 165 547
494 539 259 235 539 226 669 554 235 539 165 547 494 539 259 235 539 226 669 554
235 539 165 547 494 235 539 235 539 226 669 554 235 539 165 547 494 547 515 640
547 545 235 539 370 247 235 539 301 231 231 547 539 259 544 226 669 554 235 539
165 547 494 235 539 235 539 226 669 554 235 539 165 547 494 539 259 235 539 558
35 247 235 539 165 547 494 235 539 235 539 226 669 554 235 539 165 547 494 547
554 235 539 226 669 554 235 539 165 547 494 235 539 235 539 235 539 551 669 586
539 370 247 235 539 301 231 539 539 515 640 35 247 235 539 165 547 494 235 539
235 539 226 669 554 235 539 165 547 494 235 539 235 539 226 669 554 235 539 165
547 494 539 259 235 539 226 669 554 235 539 165 547 493 235 539 235 539 226 669
554 235 539 165 547 494 235 539 235 539 545 235 539 370 247 235 539 265 260 260
547 539 259 544 226 669 554 235 539 165 547 494 539 259 235 539 226 669 515 640
547 165 547 494 235 539 235 539 226 669 554 235 539 165 547 494 539 259 235 539
226 669 554 684 547 47 521 467 515 640 554 360 547 47 537 515 640 395 547 47
521 307 554 235 539 547 515 640 35 247 367 547 311 547 515 640 235 539 35 247
373 547 243 539 259 235 539 226 669 554 73 547 341 547 297 539 259 235 539 558
35 247 73 547 289 547 297 539 259 235 539 545 235 539 505 515 640 6 539 539
226 669 235 539 490 515 640 11 547 539 259 545 235 539 490 515 640 11 547 11
544 539 259 545 235 539 490 515 640 11 539 539 515 640 35 247 235 539 165 547
494 547 515 640 235 539 35 247 73 547 294 547 297 539 259 235 539 545 235 539
490 554 235 539 753 591 547 539 259 545 235 539 370 247 235 539 30 547 752 547
555 106 539 539 539 259 545 235 539 370 247 235 539 30 547 235 539 185 675 547
539 259 545 235 539 479 554 235 539 778 539 259 235 539 547 515 640 545 515 640
539 539 165 547 494 235 539 235 539 545 235 539 488 515 640 781 547 539 259 545
235 539 497 515 640 764 539 539 515 640 35 247 235 539 165 547 494 235 539 554
547 545 235 539 497 515 640 764 539 539 515 640 35 247 235 539 165 547 493 554
547 235 539 545 235 539 497 515 640 764 539 539 515 640 35 247 235 539 165 547
494 235 539 235 539 545 235 539 497 515 640 764 764 547 544 547 515 640 35 247
235 539 165 547 494 235 539 235 539 545 235 539 497 515 640 764 764 547 544 547
226 669 235 539 370 247 235 539 30 547 329 539 539 515 640 35 247 235 539 165
547 494 235 539 235 539 545 235 539 497 515 640 764 539 539 515 640 545 515 640
547 165 547 494 539 259 235 539 545 235 539 497 515 640 764 539 539 515 640 545
554 235 539 165 547 494 235 539 235 539 545 235 539 497 515 640 764 547 539 259
226 669 554 235 539 165 547 494 539 259 235 539 545 235 539 497 515 640 764 547
547 515 640 35 247 235 539 165 547 494 235 539 235 539 545 235 539 505 515 640
547 30 547 767 105 539 539 539 259 545 235 539 497 515 640 764 539 539 515 640
545 515 640 165 547 494 539 259 235 539 545 235 539 497 515 640 764 547 539 259
226 669 554 235 539 165 494 539 259 235 539 545 235 539 497 515 640 764 539 539
515 640 35 247 235 539 165 547 493 235 539 235 539 545 235 539 497 515 640 764
764 547 544 547 515 640 35 247 235 539 165 547 494 235 539 235 539 545 235 539
497 515 640 764 539 539 515 640 35 247 73 547 294 547 297 539 259 235 539 558
35 247 235 539 165 547 494 235 539 235 539 545 235 539 370 247 235 539 126 231
539 539 539 259 545 235 539 497 515 640 764 539 539 515 640 35 247 235 539 165
547 494 539 259 235 539 545 235 539 497 515 640 764 764 547 544 547 515 640 545
554 235 539 165 547 494 235 539 235 539 545 235 539 497 515 640 764 547 539 259
226 669 554 235 539 165 547 494 235 539 235 539 545 235 539 497 515 640 764 547
547 515 640 35 247 235 539 165 547 494 235 539 235 539 545 235 539 497 515 640
764 539 539 515 640 35 247 235 539 165 547 494 235 539 235 539 545 235 539 505
554 235 539 171 170 547 539 259 545 235 539 497 515 640 764 539 539 515 640 545
554 235 539 165 547 494 235 539 235 539 545 235 539 497 515 640 764 547 539 259
226 669 554 235 539 547 165 547 494 539 259 235 539 545 235 539 497 515 640 4
539 539 515 640 35 247 235 539 165 547 494 554 235 539 547 515 640 545 515 640
547 165 547 494 539 259 235 539 545 235 539 505 515 640 464 28 539 539 539 259
226 669 554 235 539 165 547 494 539 259 235 539 226 669 554 235 539 165 547 494
235 539 235 539 226 669 554 235 539 165 547 494 235 539 235 539 226 669 515 640
547 165 547 493 235 539 235 539 226 669 554 235 539 165 547 493 554 235 539 554
547 545 235 539 370 247 235 539 408 108 108 547 539 259 544 226 669 554 235 539
165 547 494 539 259 235 539 226 669 554 235 539 165 547 494 235 539 235 539 558
35 247 235 539 165 547 493 235 539 235 539 226 669 554 235 539 165 547 494 547
554 235 539 226 669 554 235 539 165 547 494 235 539 235 539 545 235 539 370 247
235 539 408 108 108 547 539 259 544 226 669 554 235 539 165 547 494 235 539 554
539 259 35 247 235 539 165 547 494 539 259 235 539 226 669 554 235 539 165 547
494 235 539 235 539 226 669 554 235 539 165 547 494 235 539 235 539 226 669 554
235 539 165 547 494 539 259 235 539 545 235 539 370 247 235 539 302 230 230 547
539 259 544 226 669 554 235 539 165 547 493 235 539 235 539 226 669 554 235 539
226 669 554 684 547 47 521 467 515 640 554 360 547 47 537 515 640 395 547 47
521 307 554 235 539 547 515 640 35 247 367 547 311 547 515 640 235 539 35 247
373 547 243 539 259 235 539 226 669 554 73 547 341 547 297 539 259 235 539 558
35 247 73 547 289 547 297 539 259 235 539 545 235 539 505 515 640 6 539 539
226 669 235 539 490 515 640 11 547 539 259 545 235 539 490 515 640 11 539 539
515 640 35 247 235 539 165 547 493 235 539 235 539 545 235 539 490 554 235 539
753 539 259 590 590 539 539 544 226 669 235 539 370 247 235 539 30 547 235 539
751 539 259 106 539 539 539 259 545 235 539 370 247 235 539 30 547 235 539 185
675 539 539 515 640 35 247 73 547 294 547 669 586 297 539 259 235 539 479 554
235 539 778 539 259 235 539 547 235 539 226 669 554 235 539 165 547 494 539 259
235 539 545 235 539 488 515 640 781 547 539 259 545 235 539 497 515 640 764 547
547 515 640 35 247 235 539 165 547 494 235 539 235 539 545 235 539 497 515 640
764 539 539 515 640 35 247 235 539 165 547 494 554 235 539 235 539 545 235 539
497 515 640 764 764 547 544 547 515 640 35 247 235 539 165 547 494 235 539 554
547 545 235 539 497 515 640 764 539 539 515 640 35 247 235 539 165 547 494 554
547 235 539 545 235 539 497 515 640 764 547 539 259 545 235 539 370 247 235 539
30 547 643 547 107 675 539 539 515 640 35 247 235 539 165 547 494 235 539 554
547 545 235 539 497 515 640 764 539 539 515 640 35 247 235 539 165 547 494 554
547 235 539 545 235 539 497 515 640 764 539 539 515 640 35 247 235 539 165 547
494 235 539 235 539 545 235 539 497 515 640 764 764 547 544 547 515 640 35 247
235 539 165 547 494 235 539 235 539 545 235 539 497 515 640 764 539 539 515 640
35 247 235 539 165 547 494 554 235 539 235 539 545 235 539 370 247 235 539 30
547 69 20 547 539 259 545 235 539 497 515 640 764 539 539 515 640 545 515 640
547 165 547 494 235 539 235 539 545 235 539 497 515 640 764 539 539 515 640 545
554 235 539 165 547 494 554 235 539 235 539 545 235 539 497 515 640 764 539 539
515 640 35 247 235 539 165 547 494 235 539 235 539 545 235 539 497 515 640 764
539 539 515 640 35 247 235 539 165 547 494 235 539 235 539 545 235 539 370 247
566 764 547 539 259 545 235 539 370 247 235 539 85 547 181 629 629 547 544 547
515 640 35 247 235 539 547 165 547 539 259 494 554 235 539 545 235 539 370 247
566 764 539 539 515 640 35 247 73 547 294 547 297 539 259 235 539 226 669 554
235 539 165 547 494 539 259 235 539 545 235 539 497 515 640 764 539 539 515 640
35 247 235 539 165 547 494 539 259 235 539 545 235 539 497 515 640 764 539 539
515 640 35 247 235 539 165 547 493 235 539 235 539 545 235 539 497 515 640 764
764 547 544 547 515 640 35 247 235 539 165 547 494 235 539 235 539 545 235 539
497 515 640 764 547 539 259 545 235 539 370 247 235 539 64 290 539 539 539 259
226 669 554 235 539 165 547 494 539 259 235 539 235 539 545 235 539 497 515 640
764 764 547 544 547 515 640 35 247 235 539 165 547 494 235 539 235 539 669 586
539 648 515 640 764 539 539 515 640 35 247 235 539 165 547 494 539 259 235 539
545 235 539 497 515 640 4 539 539 515 640 35 247 235 539 547 165 494 235 539
235 539 226 669 554 235 539 165 547 494 235 539 235 539 545 235 539 505 515 640
547 324 210 498 539 539 259 544 226 669 554 235 539 165 547 235 539 492 553 558
35 247 235 539 165 547 494 235 539 235 539 226 669 554 235 539 165 547 494 547
554 235 539 226 669 554 235 539 165 547 494 235 539 235 539 226 669 554 235 539
165 547 494 539 259 235 539 235 539 545 235 539 370 247 235 539 398 125 125 547
539 259 544 226 669 554 235 539 165 547 494 235 539 235 539 226 669 515 640 165
547 494 235 539 235 539 226 669 554 235 539 165 547 494 235 539 235 539 226 669
554 235 539 165 547 494 539 259 235 539 545 235 539 370 247 235 539 408 108 108
547 539 259 669 586 226 669 553 226 669 554 235 539 165 547 494 539 259 235 539
226 669 554 235 539 165 547 494 539 259 235 539 226 669 554 235 539 165 547 494
235 539 235 539 226 669 554 235 539 165 547 494 539 259 235 539 545 235 539 505
554 235 539 361 164 164 547 539 259 544 226 669 554 235 539 165 547 494 235 539
235 539 226 669 554 235 539 165 547 494 539 259 235 539 226 669 554 235 539 165
545 545 545 226 669 226 669 554 684 539 648 515 640 6 539 539 47 521 467 554
554 235 539 226 669 235 539 490 515 640 11 11 539 539 35 247 360 547 47 537
515 640 395 547 47 521 307 554 235 539 547 515 640 35 247 367 547 320 539 259
515 640 35 247 373 539 539 243 539 259 235 539 226 669 554 73 547 341 547 297
539 259 235 539 545 235 539 490 515 640 11 11 547 539 259 544 545 235 539 490
515 640 11 11 547 539 259 544 226 669 554 235 539 165 547 494 235 539 235 539
226 669 554 73 547 294 547 297 539 259 235 539 545 235 539 490 554 235 539 753
588 547 539 259 545 235 539 508 515 640 464 616 616 547 544 539 259 545 235 539
508 515 640 464 616 539 539 539 259 545 235 539 482 554 235 539 778 547 515 640
539 539 515 640 35 247 235 539 165 547 494 539 259 235 539 226 669 554 73 547
289 547 297 539 259 235 539 545 235 539 491 515 640 781 547 539 259 545 235 539
503 515 640 764 539 539 515 640 35 247 235 539 165 547 494 235 539 235 539 545
235 539 503 515 640 764 764 547 544 547 515 640 35 247 235 539 165 547 494 554
547 235 539 545 235 539 503 515 640 764 764 547 544 547 515 640 35 247 235 539
165 547 494 235 539 235 539 545 235 539 503 515 640 764 539 539 515 640 35 247
235 539 165 547 493 554 235 539 539 259 545 235 539 370 247 235 539 126 227 227
539 539 544 539 259 545 235 539 503 515 640 764 539 539 515 640 35 247 235 539
165 547 494 235 539 235 539 545 235 539 503 515 640 764 539 539 515 640 35 247
235 539 165 547 494 539 259 235 539 545 235 539 503 515 640 764 539 539 515 640
226 669 235 539 503 515 640 764 539 539 515 640 545 235 539 503 515 640 764 547
547 515 640 545 235 539 370 247 235 539 126 227 539 539 539 259 545 235 539 503
515 640 764 235 539 539 259 35 247 235 539 165 547 494 235 539 235 539 669 586
539 648 515 640 764 547 235 539 226 669 554 235 539 165 547 494 539 259 235 539
545 235 539 503 515 640 764 539 539 515 640 545 515 640 165 547 494 547 515 640
235 539 545 235 539 503 515 640 764 539 539 515 640 35 247 235 539 165 547 494
539 259 235 539 226 669 554 73 547 294 547 297 539 259 235 539 545 235 539 503
515 640 764 764 547 544 547 515 640 545 515 640 165 547 494 539 259 235 539 545
235 539 370 247 235 539 126 228 539 539 539 259 545 235 539 503 515 640 764 547
547 515 640 35 247 235 539 165 547 494 554 235 539 235 539 545 235 539 370 247
566 764 539 539 515 640 35 247 235 539 165 547 494 235 539 235 539 545 235 539
503 515 640 764 539 539 515 640 35 247 235 539 165 547 494 539 259 235 539 545
235 539 503 515 640 764 764 547 544 547 515 640 35 247 235 539 165 547 494 554
547 235 539 545 235 539 503 515 640 764 547 539 259 669 586 235 539 508 515 640
547 545 126 554 228 235 539 539 539 235 539 165 547 494 235 539 235 539 669 586
539 648 515 640 764 539 539 515 640 226 669 235 539 503 515 640 764 547 539 259
226 669 554 235 539 165 547 494 235 539 235 539 545 235 539 503 515 640 4 4
547 544 547 515 640 35 247 235 539 165 547 494 235 539 235 539 226 669 515 640
547 165 547 494 235 539 235 539 545 235 539 370 247 235 539 498 539 765 105 547
547 515 640 558 226 669 554 235 539 165 547 494 235 539 235 539 226 669 515 640
547 165 547 494 235 539 235 539 226 669 554 235 539 165 547 494 235 539 235 539
545 235 539 370 247 235 539 403 116 116 547 539 259 544 226 669 554 235 539 165
547 494 235 539 235 539 226 669 554 235 539 165 547 494 539 259 235 539 226 669
554 235 539 165 547 494 235 539 235 539 226 669 554 235 539 165 547 235 539 547
515 640 35 247 235 539 165 547 539 259 494 554 235 539 545 235 539 508 515 640
464 25 25 539 539 539 259 544 226 669 554 235 539 165 547 494 235 539 235 539
226 669 554 235 539 165 547 494 235 539 235 539 226 669 554 235 539 165 547 494
235 539 554 235 539 226 669 554 235 539 165 547 494 539 259 235 539 226 669 554
235 539 165 547 494 235 539 226 669 235 539 508 515 640 464 25 25 539 539 547
226 669 235 539 226 669 554 235 539 165 547 494 235 539 235 539 226 669 515 640
547 165 547 494 539 259 235 539 558 226 669 553 226 669 554 235 539 165 547 494
235 539 235 539 545 235 539 508 515 640 464 25 25 539 539 539 259 544 226 669
545 545 553 226 669 554 684 547 47 521 467 515 640 554 360 547 47 537 515 640
395 547 47 521 307 554 235 539 547 515 640 35 247 367 547 311 547 515 640 558
547 35 247 373 547 243 539 259 235 539 226 669 554 73 547 341 547 297 539 259
235 539 226 669 554 73 547 289 547 297 539 259 235 539 545 235 539 513 515 640
6 547 539 259 545 235 539 490 515 640 11 547 539 259 545 235 539 490 515 640
11 547 539 259 545 235 539 490 515 640 11 539 539 515 640 35 247 235 539 165
547 494 539 259 235 539 545 235 539 490 554 235 539 753 590 547 539 259 669 586
539 370 247 235 539 31 547 751 539 259 105 539 539 547 515 640 35 247 73 547
294 547 297 539 259 235 539 545 235 539 370 247 235 539 30 547 170 688 539 539
226 669 235 539 480 554 235 539 778 539 259 235 539 547 515 640 35 247 235 539
165 547 494 235 539 235 539 545 235 539 489 515 640 781 547 539 259 545 235 539
500 515 640 764 547 539 259 545 235 539 512 515 640 49 547 49 547 544 539 259
226 669 554 235 539 165 547 494 235 539 235 539 545 235 539 500 515 640 764 547
547 515 640 35 247 235 539 547 165 547 494 539 259 235 539 545 235 539 370 247
566 764 539 539 515 640 35 247 235 539 165 547 494 235 539 235 539 545 235 539
500 515 640 764 539 539 515 640 35 247 235 539 165 547 494 235 539 235 539 545
235 539 500 515 640 764 547 539 259 545 235 539 370 247 235 539 85 257 257 547
547 544 547 515 640 35 247 235 539 165 547 493 235 539 235 539 545 235 539 500
515 640 764 539 539 515 640 35 247 235 539 165 547 494 235 539 235 539 669 586
539 648 515 640 764 539 539 515 640 35 247 235 539 165 547 494 235 539 515 640
547 545 235 539 500 515 640 764 764 547 544 547 515 640 35 247 235 539 165 547
494 539 259 235 539 545 235 539 500 515 640 764 539 539 515 640 35 247 235 539
165 547 494 235 539 235 539 545 235 539 500 515 640 764 547 539 259 545 235 539
370 247 235 539 30 547 643 547 229 539 539 515 640 35 247 235 539 165 547 494
235 539 235 539 545 235 539 500 515 640 764 539 539 515 640 35 247 235 539 165
547 494 235 539 235 539 545 235 539 500 515 640 764 539 539 515 640 545 515 640
547 165 547 494 235 539 235 539 545 235 539 500 515 640 764 764 547 544 539 259
226 669 554 235 539 165 547 493 235 539 235 539 545 235 539 500 515 640 764 547
547 515 640 35 247 235 539 547 165 547 494 539 259 235 539 226 669 554 73 547
294 547 297 539 259 235 539 545 235 539 370 247 235 539 126 230 539 539 539 259
545 235 539 500 515 640 764 539 539 515 640 35 247 235 539 165 547 494 539 259
235 539 545 235 539 500 515 640 764 539 539 515 640 35 247 235 539 165 547 494
235 539 235 539 545 235 539 500 515 640 764 539 539 515 640 35 247 235 539 165
547 494 235 539 235 539 545 235 539 500 515 640 764 539 539 515 640 545 515 640
547 165 494 554 235 539 539 259 545 235 539 500 515 640 764 539 539 515 640 545
554 235 539 165 547 494 235 539 235 539 545 235 539 370 247 235 539 126 230 547
547 539 259 545 235 539 500 515 640 764 764 547 544 547 515 640 35 247 235 539
165 547 494 235 539 235 539 545 235 539 500 515 640 764 539 539 515 640 35 247
235 539 165 547 494 539 259 235 539 545 235 539 500 515 640 4 539 539 515 640
35 247 235 539 165 547 493 235 539 235 539 226 669 554 235 539 165 547 493 554
235 539 235 539 545 235 539 370 247 235 539 403 118 118 547 539 259 544 226 669
554 235 539 165 547 494 539 259 235 539 226 669 554 235 539 165 547 494 539 259
235 539 226 669 554 235 539 165 547 494 235 539 235 539 226 669 554 235 539 165
547 494 235 539 235 539 226 669 554 235 539 165 547 494 235 539 235 539 669 586
539 648 515 640 464 27 27 539 539 539 259 544 226 669 554 235 539 165 547 494
235 539 235 539 226 669 554 235 539 165 547 494 235 539 235 539 226 669 515 640
547 165 547 493 554 235 539 547 515 640 35 247 235 539 165 494 547 515 640 554
539 259 545 515 640 165 547 494 539 259 235 539 545 235 539 370 247 235 539 434
75 75 547 539 259 544 226 669 554 235 539 165 547 494 235 539 235 539 226 669
554 235 539 165 494 539 259 235 539 558 226 669 553 558 226 669 553 545 235 539
370 247 235 539 301 230 230 547 539 259 544 226 669 554 235 539 165 547 493 554
539 259 235 539 226 669 554 235 539 165 547 494 235 539 235 539 226 669 515 640
547 165 547 494 235 539 235 539 226 669 554 235 539 165 547 494 235 539 235 539
226 669 554 684 547 47 521 467 515 640 554 360 547 47 537 515 640 395 547 47
521 307 554 235 539 547 515 640 35 247 367 547 311 547 515 640 235 539 35 247
373 547 243 539 259 235 539 226 669 554 73 547 341 547 297 539 259 235 539 558
35 247 73 547 289 547 297 539 259 235 539 545 235 539 506 515 640 6 539 539
226 669 235 539 490 515 640 11 547 539 259 545 235 539 490 515 640 11 539 539
226 669 235 539 490 515 640 11 547 539 259 545 235 539 490 515 640 11 539 539
515 640 35 247 235 539 165 547 494 235 539 235 539 545 235 539 490 554 235 539
753 539 259 590 547 539 259 545 235 539 370 247 235 539 30 547 611 547 699 547
555 106 547 106 547 539 259 544 226 669 554 73 547 294 547 297 539 259 235 539
545 235 539 370 247 235 539 30 547 235 539 185 675 547 539 259 545 235 539 479
554 235 539 778 539 259 235 539 547 515 640 35 247 235 539 165 547 494 235 539
235 539 545 235 539 488 515 640 781 781 547 544 539 259 545 235 539 497 515 640
764 539 539 515 640 35 247 235 539 165 547 493 235 539 235 539 545 235 539 497
515 640 764 539 539 515 640 35 247 235 539 165 547 494 539 259 235 539 669 586
539 648 515 640 764 539 539 515 640 35 247 235 539 165 547 494 235 539 235 539
545 235 539 497 515 640 764 539 539 515 640 35 247 235 539 165 547 494 235 539
235 539 545 235 539 497 515 640 764 547 539 259 545 235 539 370 247 235 539 30
547 643 547 229 555 235 539 539 259 544 226 669 554 235 539 165 547 494 539 259
235 539 545 235 539 497 515 640 764 764 547 544 547 515 640 35 247 235 539 165
547 494 235 539 235 539 545 235 539 497 515 640 764 764 547 544 547 515 640 545
554 235 539 165 547 494 235 539 554 235 539 545 235 539 497 515 640 764 539 539
515 640 35 247 235 539 165 547 494 235 539 235 539 545 235 539 497 515 640 764
539 539 515 640 35 247 235 539 165 547 493 554 235 539 539 259 545 235 539 505
554 235 539 30 547 789 84 539 539 539 259 545 235 539 497 515 640 764 539 539
515 640 35 247 235 539 165 547 494 235 539 235 539 545 235 539 497 515 640 764
539 539 515 640 35 247 235 539 165 547 494 235 539 235 539 545 235 539 370 247
566 764 539 539 515 640 35 247 235 539 547 165 547 494 235 539 235 539 669 586
539 648 515 640 764 539 539 515 640 35 247 235 539 165 547 494 539 259 235 539
545 235 539 497 515 640 764 539 539 515 640 35 247 73 547 294 539 259 35 247
557 297 547 539 259 165 554 494 235 539 547 235 539 545 235 539 370 247 235 539
241 119 547 539 259 545 235 539 497 515 640 764 764 547 544 547 515 640 35 247
235 539 165 547 494 235 539 235 539 545 235 539 497 515 640 764 539 539 515 640
35 247 235 539 547 165 547 493 235 539 554 235 539 545 235 539 497 515 640 764
539 539 515 640 35 247 235 539 165 547 494 235 539 235 539 545 235 539 370 247
566 764 539 539 515 640 35 247 235 539 165 547 494 539 259 235 539 545 235 539
497 515 640 764 547 539 259 545 235 539 370 247 235 539 30 547 100 771 539 539
515 640 35 247 235 539 165 547 494 235 539 235 539 545 235 539 497 515 640 764
539 539 515 640 35 247 235 539 165 547 494 235 539 235 539 545 235 539 370 247
566 764 539 539 515 640 35 247 235 539 165 547 494 539 259 235 539 545 235 539
497 515 640 4 539 539 515 640 35 247 235 539 165 547 494 235 539 235 539 558
35 247 235 539 165 547 494 539 259 235 539 545 235 539 370 247 235 539 408 108
108 547 539 259 544 226 669 515 640 165 547 494 547 515 640 554 235 539 226 669
554 235 539 165 547 494 235 539 235 539 226 669 554 235 539 165 547 494 235 539
235 539 226 669 554 235 539 165 547 494 235 539 235 539 226 669 554 235 539 165
547 494 235 539 235 539 545 235 539 370 247 235 539 361 164 164 547 539 259 544
226 669 554 235 539 165 547 494 539 259 235 539 226 669 554 235 539 165 547 494
235 539 235 539 226 669 554 235 539 165 547 494 235 539 235 539 226 669 515 640
539 539 165 547 494 235 539 235 539 226 669 554 235 539 165 547 494 547 515 640
547 545 235 539 370 247 235 539 408 108 108 547 539 259 544 226 669 554 235 539
165 547 494 539 259 235 539 226 669 554 235 539 165 547 494 235 539 235 539 558
545 515 640 165 547 494 235 539 235 539 226 669 554 235 539 165 547 494 539 259
235 539 226 669 554 235 539 165 547 494 539 259 235 539 545 235 539 505 515 640
547 498 539 330 539 539 515 640 35 247 235 539 165 547 494 235 539 235 539 558
35 247 235 539 165 547 494 235 539 554 235 539 226 669 554 235 539 165 547 494
235 539 235 539 226 669 554 235 539 165 547 494 235 539 235 539 226 669 515 640
545 553 226 669 554 684 547 47 521 467 515 640 554 360 547 47 537 515 640 395
547 47 521 307 554 235 539 547 515 640 35 247 367 547 311 547 515 640 235 539
35 247 373 547 243 539 259 235 539 226 669 554 73 547 341 547 297 547 515 640
539 259 35 247 73 547 289 547 297 539 259 235 539 545 235 539 513 515 640 6
6 547 539 259 544 545 235 539 490 515 640 11 11 547 539 259 544 545 235 539
490 515 640 11 11 547 544 547 515 640 545 235 539 490 554 235 539 753 591 547
539 259 545 235 539 370 247 235 539 30 547 752 547 107 539 539 515 640 35 247
73 547 294 547 297 539 259 235 539 226 669 235 539 370 247 235 539 30 539 259
547 185 675 547 539 259 545 235 539 479 554 235 539 778 539 259 235 539 539 259
226 669 554 235 539 165 547 494 539 259 235 539 545 235 539 512 515 640 49 547
539 539 515 640 35 247 235 539 165 547 494 235 539 235 539 545 235 539 488 554
566 781 547 539 259 545 235 539 497 515 640 764 539 539 515 640 35 247 235 539
165 547 494 235 539 235 539 545 235 539 497 515 640 764 764 547 544 547 515 640
35 247 235 539 165 545 235 539 539 648 515 640 764 547 494 235 539 235 539 554
539 259 545 515 640 545 226 669 235 539 165 539 648 547 515 640 764 505 235 539
235 539 547 85 547 494 235 539 258 235 539 235 539 547 235 539 226 669 515 640
545 235 539 497 515 640 764 547 165 539 539 235 539 494 235 539 235 539 226 669
235 539 497 515 640 764 35 247 235 539 547 165 547 235 539 494 235 539 515 640
547 669 586 235 539 497 515 640 764 547 35 247 235 539 235 539 165 547 494 554
547 235 539 545 235 539 497 515 640 764 547 235 539 226 669 554 235 539 165 547
494 235 539 235 539 545 235 539 370 247 235 539 126 230 539 539 539 259 669 586
539 648 515 640 764 539 539 515 640 35 247 235 539 165 547 494 235 539 235 539
545 235 539 497 515 640 764 539 539 515 640 35 247 235 539 165 547 494 539 259
235 539 545 235 539 497 515 640 764 539 539 515 640 35 247 235 539 547 165 547
494 235 539 235 539 545 235 539 497 515 640 764 764 547 539 259 544 226 669 554
557 165 547 494 235 539 235 539 545 235 539 497 515 640 764 539 539 515 640 545
554 235 539 165 547 494 235 539 235 539 226 669 554 73 547 294 547 297 539 259
235 539 545 235 539 370 247 235 539 126 231 539 539 539 259 545 235 539 370 247
566 764 539 539 515 640 35 247 235 539 165 547 494 539 259 235 539 545 235 539
497 515 640 764 539 539 515 640 35 247 235 539 165 547 493 235 539 235 539 545
235 539 497 515 640 764 539 539 515 640 35 247 235 539 165 547 494 235 539 554
547 545 235 539 497 515 640 764 539 539 515 640 35 247 235 539 165 547 494 554
547 235 539 545 235 539 497 515 640 764 539 539 515 640 35 247 235 539 165 547
494 235 539 235 539 545 235 539 370 247 235 539 30 547 330 547 539 259 669 586
539 648 515 640 764 539 539 515 640 35 247 235 539 165 547 494 539 259 235 539
545 235 539 497 515 640 764 764 547 544 547 515 640 35 247 235 539 165 547 494
539 259 235 539 545 235 539 497 515 640 764 539 539 515 640 35 247 235 539 165
547 494 235 539 235 539 545 235 539 497 515 640 4 539 539 515 640 545 515 640
165 494 539 259 235 539 226 669 554 235 539 165 547 494 235 539 235 539 669 586
539 370 247 235 539 301 547 231 547 515 640 35 247 235 539 165 547 494 539 259
235 539 226 669 554 235 539 165 547 494 235 539 235 539 545 235 539 488 515 640
781 781 547 539 259 544 545 235 539 497 515 640 764 539 539 515 640 545 515 640
547 165 547 494 235 539 235 539 545 235 539 497 515 640 764 539 539 515 640 545
554 235 539 165 547 493 539 259 235 539 545 235 539 497 515 640 764 547 539 259
226 669 554 235 539 165 547 494 235 539 235 539 545 235 539 370 247 235 539 204
547 330 547 539 259 545 235 539 497 515 640 764 539 539 515 640 35 247 235 539
165 547 494 235 539 235 539 545 235 539 497 515 640 764 539 539 515 640 35 247
235 539 165 547 494 235 539 235 539 545 235 539 497 515 640 764 764 547 544 547
515 640 35 247 235 539 165 547 493 235 539 235 539 545 235 539 497 515 640 764
539 539 515 640 35 247 235 539 165 547 494 539 259 235 539 545 235 539 370 247
566 764 539 539 515 640 35 247 235 539 165 547 494 235 539 226 669 235 539 505
554 235 539 301 231 547 539 259 235 539 545 235 539 497 515 640 764 547 539 259
226 669 554 235 539 165 547 494 235 539 235 539 545 235 539 497 515 640 764 547
547 515 640 35 247 235 539 165 547 235 539 539 259 545 235 539 497 515 640 764
539 539 515 640 35 247 235 539 165 547 494 539 259 235 539 545 235 539 370 247
566 764 539 539 515 640 35 247 235 539 165 547 494 235 539 235 539 545 235 539
497 515 640 764 764 547 544 539 259 545 235 539 370 247 235 539 498 539 123 751
751 539 539 544 515 640 35 247 235 539 165 547 494 235 539 235 539 545 235 539
497 515 640 764 539 539 515 640 35 247 235 539 165 547 494 539 259 235 539 545
235 539 497 515 640 764 539 539 515 640 35 247 235 539 165 547 494 235 539 554
226 669 554 684 547 47 521 467 515 640 554 360 547 47 537 515 640 395 547 47
521 307 554 235 539 547 515 640 35 247 367 547 311 547 515 640 235 539 35 247
373 547 243 539 259 235 539 226 669 554 73 547 341 547 297 539 259 235 539 558
35 247 73 547 289 547 297 539 259 235 539 545 235 539 505 515 640 6 539 539
226 669 235 539 490 515 640 11 11 547 539 259 544 545 235 539 490 515 640 11
11 547 544 539 259 545 235 539 490 515 640 11 539 539 515 640 35 247 235 539
165 547 494 235 539 235 539 226 669 554 73 547 294 547 297 539 259 235 539 545
235 539 490 554 235 539 753 591 547 539 259 545 235 539 370 247 235 539 30 547
752 107 539 539 539 259 545 235 539 370 247 235 539 30 547 644 213 539 539 547
226 669 235 539 479 554 235 539 778 539 259 235 539 547 515 640 35 247 235 539
165 547 494 235 539 235 539 545 235 539 488 515 640 781 547 539 259 545 235 539
497 515 640 764 539 539 515 640 35 247 235 539 165 547 539 259 494 554 235 539
545 235 539 497 515 640 764 539 539 515 640 35 247 235 539 165 547 494 515 640
547 539 259 545 235 539 497 515 640 764 764 547 544 547 515 640 35 247 235 539
165 547 494 235 539 235 539 545 235 539 497 515 640 764 539 539 515 640 35 247
235 539 165 547 493 235 539 235 539 545 235 539 497 515 640 764 547 539 259 545
235 539 370 247 235 539 30 547 643 547 107 675 539 539 515 640 545 235 539 497
515 640 764 764 547 544 547 515 640 545 553 545 235 539 497 515 640 764 539 539
515 640 35 247 235 539 165 547 494 539 259 235 539 545 235 539 497 515 640 764
539 539 515 640 35 247 235 539 165 547 494 539 259 235 539 545 235 539 370 247
566 764 539 539 515 640 35 247 235 539 165 547 494 539 259 235 539 545 235 539
505 226 669 558 235 539 547 30 497 235 539 295 235 539 547 515 640 764 539 539
515 640 35 247 235 539 165 547 494 539 259 235 539 545 235 539 497 515 640 764
539 539 515 640 35 247 235 539 165 547 493 235 539 235 539 545 235 539 370 247
566 764 539 539 515 640 35 247 235 539 547 165 547 492 554 235 539 235 539 545
235 539 497 515 640 764 539 539 515 640 35 247 235 539 165 547 494 235 539 554
547 545 235 539 497 515 640 764 539 539 515 640 35 247 235 539 165 547 493 554
547 235 539 226 669 554 73 547 294 547 297 539 259 235 539 545 235 539 370 247
235 539 43 314 539 539 539 259 545 235 539 497 515 640 764 764 547 544 539 259
226 669 554 235 539 165 547 494 539 259 235 539 545 235 539 497 515 640 764 547
547 515 640 35 247 235 539 165 547 494 539 259 235 539 545 235 539 497 515 640
764 539 539 515 640 35 247 235 539 165 547 494 235 539 235 539 545 235 539 497
515 640 764 539 539 515 640 35 247 235 539 165 547 494 539 259 235 539 669 586
539 648 515 640 764 539 539 515 640 35 247 235 539 165 494 539 259 235 539 545
235 539 370 247 235 539 30 330 539 539 539 259 545 235 539 497 515 640 764 547
547 515 640 35 247 235 539 165 547 494 235 539 235 539 545 235 539 497 515 640
764 539 539 515 640 35 247 235 539 165 547 494 554 235 539 539 259 545 235 539
497 515 640 4 539 539 515 640 35 247 235 539 165 547 494 235 539 235 539 558
35 247 235 539 165 547 494 554 235 539 235 539 226 669 554 235 539 165 539 259
494 554 235 539 545 235 539 505 515 640 464 28 28 539 539 539 259 544 226 669
554 235 539 165 547 494 235 539 235 539 226 669 554 235 539 165 547 494 235 539
235 539 226 669 554 235 539 547 165 547 494 539 259 235 539 226 669 554 235 539
165 547 494 539 259 235 539 226 669 554 235 539 165 547 494 235 539 235 539 545
235 539 370 247 235 539 301 231 231 547 539 259 544 226 669 554 235 539 165 547
494 554 235 539 547 515 640 35 247 235 539 165 547 494 235 539 235 539 226 669
554 235 539 165 547 493 235 539 235 539 226 669 554 235 539 165 547 494 235 539
235 539 545 235 539 370 247 235 539 403 119 119 539 539 544 515 640 545 515 640
547 165 547 494 235 539 235 539 226 669 554 235 539 165 547 494 235 539 235 539
226 669 554 235 539 165 547 494 539 259 235 539 226 669 554 235 539 165 547 494
235 539 235 539 226 669 554 235 539 165 547 494 539 259 235 539 545 235 539 505
554 235 539 408 108 108 547 539 259 544 226 669 554 235 539 547 165 547 494 554
547 235 539 226 669 554 235 539 165 547 494 539 259 235 539 226 669 554 235 539
165 547 494 554 235 539 235 539 226 669 554 235 539 547 165 547 494 235 539 554
539 259 35 247 684 547 47 521 467 515 640 554 360 547 47 537 515 640 395 547
47 521 307 554 235 539 547 515 640 35 247 367 547 311 547 515 640 235 539 545
554 373 547 243 539 259 235 539 226 669 554 73 547 341 547 297 539 259 235 539
226 669 554 73 547 289 547 297 539 259 235 539 545 235 539 505 515 640 6 547
539 259 545 235 539 490 515 640 11 547 539 259 545 235 539 490 515 640 11 547
547 515 640 35 247 235 539 165 547 494 235 539 235 539 226 669 554 73 547 294
547 297 539 259 235 539 545 235 539 490 554 235 539 753 539 259 590 547 539 259
545 235 539 370 247 235 539 30 547 235 539 751 539 259 106 539 539 539 259 545
235 539 370 247 235 539 30 316 539 539 539 259 545 235 539 479 554 235 539 778
539 259 235 539 547 515 640 35 247 235 539 165 547 494 235 539 235 539 669 586
547 488 515 640 781 547 539 259 545 235 539 497 515 640 764 539 539 515 640 545
554 235 539 165 547 494 539 259 235 539 545 235 539 497 515 640 764 547 539 259
226 669 554 235 539 165 547 493 554 235 539 226 669 235 539 497 515 640 764 547
547 515 640 35 247 235 539 165 547 494 539 259 235 539 545 235 539 497 515 640
764 539 539 515 640 35 247 235 539 165 547 494 235 539 235 539 545 235 539 497
515 640 764 547 539 259 545 235 539 370 247 235 539 30 547 13 76 539 539 547
515 640 35 247 235 539 165 547 494 235 539 226 669 235 539 497 515 640 764 547
539 259 235 539 226 669 554 235 539 165 547 494 235 539 235 539 545 235 539 497
515 640 764 539 539 515 640 35 247 235 539 165 547 494 554 235 539 539 259 545
235 539 497 515 640 764 539 539 515 640 35 247 235 539 165 547 494 235 539 554
547 545 235 539 497 515 640 764 547 764 544 547 515 640 35 247 235 539 165 547
494 235 539 235 539 545 235 539 370 247 235 539 126 230 539 539 539 259 669 586
539 648 515 640 764 539 539 515 640 35 247 235 539 165 547 493 235 539 235 539
545 235 539 497 515 640 764 539 539 515 640 35 247 235 539 165 547 494 235 539
235 539 545 235 539 497 515 640 764 539 539 515 640 35 247 235 539 547 165 547
494 539 259 235 539 545 235 539 497 515 640 764 539 539 515 640 35 247 235 539
165 547 494 235 539 235 539 545 235 539 497 515 640 764 539 539 515 640 35 247
73 547 294 547 297 539 259 235 539 226 669 554 235 539 165 547 669 586 494 554
547 235 539 370 247 235 539 126 547 231 231 539 539 544 539 259 545 235 539 497
515 640 764 539 539 515 640 35 247 235 539 165 547 494 235 539 235 539 669 586
539 648 515 640 764 539 539 515 640 35 247 235 539 165 547 494 539 259 235 539
545 235 539 497 515 640 764 764 547 544 547 515 640 35 247 235 539 165 547 494
554 235 539 235 539 545 235 539 497 515 640 764 539 539 515 640 35 247 235 539
165 547 494 235 539 235 539 545 235 539 497 515 640 764 547 539 259 545 235 539
370 247 235 539 126 231 539 539 547 515 640 35 247 235 539 165 547 494 539 259
235 539 545 235 539 497 515 640 764 539 539 515 640 35 247 235 539 165 547 493
235 539 235 539 545 235 539 497 515 640 764 539 539 515 640 35 247 235 539 165
547 494 539 259 235 539 545 235 539 497 515 640 4 539 539 515 640 545 515 640
547 165 547 494 554 235 539 235 539 226 669 554 235 539 165 547 493 235 539 554
547 545 235 539 370 247 235 539 361 164 164 547 539 259 544 226 669 554 235 539
165 547 493 554 235 539 235 539 558 226 669 553 226 669 554 235 539 165 547 494
235 539 235 539 226 669 554 235 539 165 547 494 539 259 235 539 226 669 515 640
547 165 547 494 235 539 235 539 545 235 539 505 515 640 464 547 681 682 682 547
547 539 259 544 226 669 554 235 539 165 547 494 235 539 235 539 226 669 515 640
547 165 547 494 235 539 235 539 226 669 554 235 539 165 547 494 235 539 235 539
226 669 554 235 539 165 547 494 235 539 235 539 226 669 554 235 539 165 547 493
235 539 235 539 545 235 539 370 247 235 539 362 163 163 547 539 259 544 226 669
554 235 539 165 547 539 259 493 554 235 539 226 669 554 235 539 165 547 493 554
235 539 235 539 226 669 554 235 539 165 547 494 235 539 235 539 226 669 515 640
539 539 165 547 494 235 539 235 539 545 235 539 370 247 235 539 408 108 108 547
539 259 544 226 669 554 235 539 165 547 494 235 539 554 235 539 226 669 515 640
547 165 547 494 235 539 235 539 226 669 554 235 539 165 547 493 554 235 539 554
539 259 35 247 235 539 165 547 494 554 235 539 547 515 640 226 669 553 669 586
539 648 515 640 464 28 28 539 539 539 259 544 226 669 554 235 539 165 547 494
226 669 554 684 547 47 521 467 515 640 554 360 547 47 537 515 640 395 547 47
521 307 554 235 539 547 515 640 35 247 367 547 311 547 515 640 235 539 35 247
373 547 243 539 259 235 539 226 669 554 73 547 341 547 297 539 259 235 539 558
35 247 73 547 289 547 297 539 259 235 539 545 235 539 505 515 640 6 539 539
226 669 235 539 490 515 640 11 547 539 259 545 235 539 490 515 640 11 539 539
515 640 545 235 539 490 554 235 539 753 539 259 588 588 547 539 259 544 669 586
370 247 235 539 30 314 539 539 547 515 640 35 247 73 547 294 547 297 539 259
235 539 545 235 539 370 247 235 539 30 547 235 539 183 675 539 539 515 640 545
553 545 235 539 481 554 235 539 778 539 259 235 539 539 259 545 235 539 490 554
566 781 547 539 259 545 235 539 499 515 640 764 539 539 515 640 35 247 235 539
165 547 494 235 539 235 539 545 235 539 499 515 640 764 539 539 515 640 35 247
235 539 165 547 493 235 539 235 539 545 235 539 499 515 640 764 539 539 515 640
35 247 235 539 165 547 494 539 259 235 539 545 235 539 499 515 640 764 539 539
515 640 35 247 235 539 165 494 235 539 235 539 545 235 539 499 515 640 764 547
539 259 545 235 539 370 247 235 539 30 547 99 769 539 539 515 640 545 515 640
547 165 547 494 235 539 235 539 545 235 539 499 515 640 764 539 539 515 640 545
554 235 539 547 165 547 494 235 539 235 539 545 235 539 499 515 640 764 539 539
515 640 35 247 235 539 165 547 494 235 539 235 539 545 235 539 499 515 640 764
539 539 515 640 35 247 235 539 165 547 494 235 539 235 539 545 235 539 370 247
566 764 539 539 515 640 35 247 235 539 165 547 494 235 539 235 539 545 235 539
370 247 235 539 30 547 195 675 547 539 259 545 235 539 499 515 640 764 539 539
515 640 35 247 235 539 165 547 494 235 539 235 539 545 235 539 499 515 640 764
539 539 515 640 35 247 235 539 165 547 494 235 539 235 539 545 235 539 370 247
566 764 764 547 544 547 515 640 35 247 235 539 165 547 494 235 539 235 539 545
235 539 499 515 640 764 539 539 515 640 35 247 235 539 165 547 494 235 539 554
547 545 235 539 499 515 640 764 539 539 515 640 35 247 235 539 547 165 547 494
554 235 539 547 515 640 35 247 73 547 294 547 297 539 259 235 539 545 235 539
370 247 235 539 30 328 547 328 547 544 539 259 545 235 539 499 515 640 764 764
547 544 547 515 640 35 247 235 539 165 547 494 235 539 235 539 545 235 539 499
515 640 764 539 539 515 640 35 247 235 539 165 547 494 235 539 235 539 669 586
539 648 515 640 764 539 539 515 640 35 247 235 539 165 547 494 235 539 235 539
545 235 539 499 515 640 764 539 539 515 640 35 247 235 539 165 547 494 235 539
235 539 545 235 539 499 515 640 764 764 547 544 547 515 640 35 247 235 539 547
165 547 494 539 259 235 539 545 235 539 370 247 235 539 30 547 235 539 736 139
139 539 539 544 539 259 545 235 539 499 515 640 764 539 539 515 640 545 515 640
547 165 547 494 235 539 235 539 545 235 539 499 515 640 764 764 547 544 539 259
226 669 554 235 539 165 547 494 235 539 235 539 545 235 539 499 515 640 4 547
547 515 640 35 247 235 539 165 547 493 235 539 235 539 226 669 554 235 539 165
547 494 235 539 235 539 226 669 554 235 539 165 547 494 235 539 235 539 669 586
539 370 247 235 539 301 229 229 547 539 259 544 226 669 554 235 539 165 547 492
554 235 539 235 539 226 669 554 235 539 165 547 494 235 539 235 539 226 669 554
235 539 165 547 494 235 539 235 539 226 669 554 235 539 165 547 494 235 539 554
547 545 235 539 507 515 640 464 26 539 539 547 515 640 35 247 235 539 165 547
494 539 259 235 539 226 669 554 235 539 165 547 494 235 539 235 539 226 669 554
235 539 165 547 494 235 539 235 539 226 669 554 235 539 165 547 494 235 539 554
235 539 226 669 554 235 539 165 547 494 235 539 235 539 545 235 539 507 515 640
464 26 539 539 547 515 640 35 247 235 539 165 547 494 235 539 235 539 226 669
554 235 539 165 547 494 539 259 235 539 226 669 554 235 539 165 547 494 235 539
554 235 539 226 669 554 235 539 165 547 494 539 259 235 539 226 669 554 235 539
165 547 494 235 539 235 539 545 235 539 370 247 235 539 403 117 117 547 539 259
544 226 669 554 235 539 165 547 493 539 259 235 539 226 669 554 235 539 165 547
226 669 554 684 547 47 521 467 515 640 554 360 547 47 537 515 640 395 547 47
521 307 554 235 539 547 515 640 35 247 367 547 311 547 515 640 235 539 35 247
373 547 243 539 259 235 539 226 669 554 73 547 341 547 297 539 259 235 539 545
235 539 507 515 640 6 547 539 259 545 235 539 490 515 640 11 547 539 259 545
235 539 490 515 640 11 539 539 515 640 35 247 73 547 289 547 297 547 515 640
539 259 35 247 235 539 165 547 494 539 259 235 539 545 235 539 490 554 235 539
753 539 259 590 547 539 259 545 235 539 370 247 235 539 30 547 752 539 259 106
539 539 547 515 640 35 247 73 547 294 547 297 539 259 235 539 545 235 539 505
554 235 539 30 547 235 539 146 721 547 539 259 545 235 539 479 554 235 539 778
547 235 539 515 640 35 247 235 539 165 547 494 539 259 235 539 545 235 539 488
515 640 781 547 539 259 545 235 539 497 515 640 764 539 539 515 640 545 515 640
547 165 547 494 539 259 235 539 545 235 539 497 515 640 764 764 547 544 539 259
226 669 554 235 539 165 547 494 235 539 235 539 545 235 539 497 515 640 764 547
547 515 640 35 247 235 539 547 165 547 494 235 539 235 539 545 235 539 370 247
566 764 539 539 515 640 35 247 235 539 165 547 494 235 539 235 539 545 235 539
370 247 235 539 49 303 539 539 539 259 545 235 539 497 515 640 764 547 539 259
226 669 554 235 539 165 493 235 539 235 539 545 235 539 497 515 640 764 539 539
515 640 545 235 539 497 515 640 764 539 539 515 640 545 553 545 235 539 370 247
566 764 539 539 515 640 35 247 235 539 165 547 494 235 539 235 539 545 235 539
497 515 640 764 764 547 544 547 515 640 35 247 235 539 165 547 494 554 235 539
539 259 545 235 539 370 247 235 539 30 547 765 107 107 539 539 544 539 259 545
235 539 497 515 640 764 539 539 515 640 35 247 235 539 165 547 494 547 515 640
547 545 235 539 497 515 640 764 539 539 515 640 35 247 235 539 165 547 494 547
554 235 539 545 235 539 497 515 640 764 539 539 515 640 35 247 235 539 165 547
494 235 539 235 539 545 235 539 497 515 640 764 539 539 515 640 35 247 235 539
547 165 547 494 235 539 235 539 545 235 539 497 515 640 764 539 539 515 640 545
554 235 539 165 547 494 554 235 539 235 539 226 669 554 73 547 294 547 297 547
554 235 539 545 235 539 370 247 235 539 126 547 231 547 539 259 545 235 539 497
515 640 764 539 539 515 640 35 247 235 539 165 547 494 235 539 235 539 669 586
539 648 515 640 764 539 539 515 640 35 247 235 539 165 547 494 235 539 515 640
547 545 235 539 497 515 640 764 764 547 544 547 515 640 35 247 235 539 165 547
494 235 539 235 539 545 235 539 497 515 640 764 539 539 515 640 35 247 235 539
547 165 547 493 235 539 235 539 545 235 539 497 515 640 764 539 539 515 640 545
554 235 539 165 547 494 235 539 235 539 545 235 539 370 247 235 539 126 231 231
539 539 544 539 259 545 235 539 497 515 640 764 539 539 515 640 35 247 235 539
165 547 494 539 259 235 539 545 235 539 497 515 640 764 539 539 515 640 35 247
235 539 165 547 494 235 539 235 539 545 235 539 497 515 640 4 539 539 515 640
35 247 235 539 165 547 494 235 539 235 539 226 669 554 235 539 165 547 494 554
547 235 539 226 669 554 235 539 547 165 547 494 235 539 235 539 545 235 539 505
554 235 539 277 249 249 547 539 259 544 226 669 554 235 539 165 547 494 235 539
235 539 226 669 554 235 539 165 547 494 539 259 235 539 226 669 554 235 539 165
547 493 235 539 235 539 226 669 554 235 539 165 547 494 235 539 235 539 226 669
554 235 539 165 547 494 235 539 235 539 545 235 539 370 247 235 539 408 108 108
547 539 259 544 226 669 554 235 539 165 547 494 539 259 235 539 226 669 515 640
547 165 547 494 554 235 539 235 539 226 669 554 235 539 165 547 493 235 539 554
539 259 35 247 235 539 165 547 494 235 539 235 539 226 669 554 235 539 165 547
494 235 539 235 539 545 235 539 370 247 235 539 434 76 76 547 539 259 669 586
35 247 235 539 165 494 235 539 554 235 539 226 669 554 235 539 165 547 493 554
547 235 539 558 226 669 553 226 669 554 235 539 165 547 494 235 539 235 539 545
235 539 370 247 235 539 442 66 66 547 539 259 544 226 669 554 235 539 165 547
494 235 539 235 539 226 669 554 235 539 165 547 493 235 539 235 539 226 669 554
