54 -134 54 80 -60 -60 -86 54 -134 54 -134 54 104 -60 -60 -121 87 -60 -60 -85
54 -134 54 104 -60 -60 -121 87 -60 -60 -85 135 -60 -60 -85 54 -103 54 -112 54
54 -134 54 -134 54 -134 54 -134 54 104 -60 -60 -121 87 -60 -60 -85 135 -60 -60
54 -134 54 80 -60 -60 -86 54 -134 54 -134 54 104 -60 -60 -121 87 -60 -60 -85
54 -134 54 -134 54 -134 54 104 -60 -60 -121 87 -60 -60 -85 135 -60 -60 -85 54
54 -134 54 -134 54 104 -60 -60 -121 87 -60 -60 -85 135 -60 -60 -85 54 -103 54
-134 54 -134 54 104 -60 -60 -121 87 -60 -60 -85 135 -60 -60 -85 54 -103 54 -112
54 -134 54 104 -60 -60 -121 87 -60 -60 -85 135 -60 -60 -85 54 -103 54 -112 54
54 -134 54 104 -60 -60 -121 87 -60 -60 -85 135 -60 -60 -85 54 -103 54 -112 54
54 -134 54 104 -60 -60 -121 87 -60 -60 -85 135 -60 -60 -85 54 -103 54 -112 54
54 -134 54 104 -60 -60 -121 87 -60 -60 -85 135 -60 -60 -85 54 -103 54 -112 54
54 -121 54 -134 54 -134 54 -134 54 -134 54 -134 54 -134 54 -134 54 104 -60 -60
-121 87 -60 -60 -85 135 -60 -60 -85 54 -103 54 -112 54 93 -60 -60 -85 54 80
54 -134 54 104 -60 -60 -121 87 -60 -60 -85 135 -60 -60 -85 54 -103 54 -112 54
54 104 -60 -60 -121 87 -60 -60 -85 135 -60 -60 -85 54 -103 54 100 -60 -60 -85
54 -105 54 100 -60 -60 -85 54 -112 54 93 -60 -60 -105 54 -85 54 91 -60 -60
-85 54 -103 54 91 -60 -60 -85 83 -60 -60 -85 54 -121 54 -134 54 -134 54 -134
54 104 -60 -60 -121 87 -60 -60 -85 135 -60 -60 -85 54 -103 54 -112 54 93 -60
54 104 -60 -60 -121 87 -60 -60 -85 135 -60 -60 -85 54 -103 54 100 -60 -60 -85
54 -105 54 100 -60 -60 -85 54 -112 54 -105 54 93 -60 -60 -85 54 91 -60 -60
-85 54 -103 54 91 -60 -60 -85 83 -60 -60 -85 54 -121 54 -134 54 -134 54 -134
54 104 -60 -60 -121 87 -60 -60 -85 135 -60 -60 -85 54 -103 54 -112 54 93 -60
54 104 -60 -60 -121 87 -60 -60 -85 135 -60 -60 -85 54 -103 54 100 -60 -60 -85
54 -105 54 100 -60 -60 -112 -85 54 54 -105 54 93 -60 -60 -85 54 91 -60 -60
-85 54 -103 54 91 -60 -60 -85 83 -60 -60 -85 54 -121 54 -134 54 -134 54 -134
54 104 -60 -60 -121 87 -60 -60 -85 135 -60 -60 -85 54 -103 54 -112 54 93 -60
-121 87 -60 -60 -85 135 -60 -60 -85 54 -103 54 100 -60 -60 -85 -105 54 54 100
-60 -60 -85 54 -112 54 -105 54 93 -60 -60 -85 54 91 -60 -60 -85 54 -103 54
91 -60 -60 -85 83 -60 -60 -85 54 -121 54 -134 54 -134 54 -134 54 104 -60 -60
-121 87 -60 -60 -85 135 -60 -60 -85 54 -103 54 -112 54 93 -60 -60 -85 54 80
54 -113 54 93 -60 -60 -85 54 -121 54 -134 54 104 -60 -60 -121 87 -60 -60 -85
135 -60 -60 -85 54 -103 54 100 -60 -60 -85 54 -105 54 100 -60 -60 -85 54 -112
54 -105 54 93 -60 -60 -85 54 91 -60 -60 -85 54 -103 54 91 -60 -60 -85 83
-60 -60 -85 54 -121 54 -134 54 -134 54 -134 54 104 -60 -60 -121 87 -60 -60 -85
93 -60 -97 54 -104 54 -113 54 93 -60 -60 -85 54 -121 54 80 -60 -60 -86 54
-134 54 104 -60 -60 -121 54 87 -60 -60 -85 135 -60 -60 -85 54 -103 54 100 -60
-60 -85 54 -105 54 100 -60 -60 -85 -112 54 54 -105 54 93 -60 -60 -85 54 91
-60 -60 -85 54 -103 54 91 -60 -60 -85 83 -60 -60 -85 54 -121 54 -134 54 -134
54 -134 54 104 -60 -60 -121 87 -60 -60 -85 135 -60 -60 -85 54 -103 54 -112 54
87 -60 -85 135 -60 -60 -85 54 -103 54 100 -60 -60 -85 54 -105 54 100 -60 -60
-85 54 -112 54 -105 54 93 -60 -60 -85 54 91 -60 -60 -85 54 -103 54 91 -60
-60 -85 83 -60 -60 -85 54 -121 54 -134 54 80 -60 -60 -86 54 -134 54 -134 54
104 -60 -60 -121 87 -60 -60 -85 135 -60 -60 -85 54 -103 54 -112 54 93 -60 -60
54 -134 54 80 -60 -60 -86 54 -134 54 -134 54 104 -60 -60 -121 87 -60 -60 -85
54 -134 54 104 -60 -60 -121 87 -60 -60 -85 135 -60 -60 -85 54 -103 54 -112 54
54 -134 54 -134 54 -134 54 -134 54 104 -60 -60 -121 87 -60 -60 -85 135 -60 -60
54 -134 54 80 -60 -60 -86 54 -134 54 -134 54 104 -60 -60 -121 87 -60 -60 -85
54 -134 54 -134 54 -134 54 104 -60 -60 -121 87 -60 -60 -85 135 -60 -60 -85 54
54 -134 54 -134 54 104 -60 -60 -121 87 -60 -60 -85 135 -60 -60 -85 54 -103 54
-134 54 -134 54 104 -60 -60 -121 87 -60 -60 -85 135 -60 -60 -85 54 -103 54 -112
54 -134 54 104 -60 -60 -121 87 -60 -60 -85 135 -60 -60 -85 54 -103 54 -112 54
54 -134 54 104 -60 -60 -121 87 -60 -60 -85 135 -60 -60 -85 54 -103 54 -112 54
54 -134 54 104 -60 -60 -121 87 -60 -60 -85 135 -60 -60 -85 54 -103 54 -112 54
54 -134 54 104 -60 -60 -121 87 -60 -60 -85 135 -60 -60 -85 54 -103 54 -112 54
54 -121 54 -134 54 -134 54 -134 54 -134 54 -134 54 -134 54 -134 54 104 -60 -60
-121 87 -60 -60 -85 135 -60 -60 -85 54 -103 54 -112 54 93 -60 -60 -85 54 80
54 -134 54 104 -60 -60 -121 87 -60 -60 -85 135 -60 -60 -85 54 -103 54 -112 54
54 104 -60 -60 -121 87 -60 -60 -85 135 -60 -60 -85 54 -103 54 100 -60 -60 -85
54 -105 54 100 -60 -60 -85 54 -112 54 93 -60 -60 -105 54 -85 54 91 -60 -60
-85 54 -103 54 91 -60 -60 -85 83 -60 -60 -85 54 -121 54 -134 54 -134 54 -134
54 104 -60 -60 -121 87 -60 -60 -85 135 -60 -60 -85 54 -103 54 -112 54 93 -60
54 104 -60 -60 -121 87 -60 -60 -85 135 -60 -60 -85 54 -103 54 100 -60 -60 -85
54 -105 54 100 -60 -60 -85 54 -112 54 -105 54 93 -60 -60 -85 54 91 -60 -60
-85 54 -103 54 91 -60 -60 -85 83 -60 -60 -85 54 -121 54 -134 54 -134 54 -134
54 104 -60 -60 -121 87 -60 -60 -85 135 -60 -60 -85 54 -103 54 -112 54 93 -60
54 104 -60 -60 -121 87 -60 -60 -85 135 -60 -60 -85 54 -103 54 100 -60 -60 -85
54 -105 54 100 -60 -60 -112 -85 54 54 -105 54 93 -60 -60 -85 54 91 -60 -60
-85 54 -103 54 91 -60 -60 -85 83 -60 -60 -85 54 -121 54 -134 54 -134 54 -134
54 104 -60 -60 -121 87 -60 -60 -85 135 -60 -60 -85 54 -103 54 -112 54 93 -60
-121 87 -60 -60 -85 135 -60 -60 -85 54 -103 54 100 -60 -60 -85 -105 54 54 100
-60 -60 -85 54 -112 54 -105 54 93 -60 -60 -85 54 91 -60 -60 -85 54 -103 54
91 -60 -60 -85 83 -60 -60 -85 54 -121 54 -134 54 -134 54 -134 54 104 -60 -60
-121 87 -60 -60 -85 135 -60 -60 -85 54 -103 54 -112 54 93 -60 -60 -85 54 80
54 -113 54 93 -60 -60 -85 54 -121 54 -134 54 104 -60 -60 -121 87 -60 -60 -85
135 -60 -60 -85 54 -103 54 100 -60 -60 -85 54 -105 54 100 -60 -60 -85 54 -112
54 -105 54 93 -60 -60 -85 54 91 -60 -60 -85 54 -103 54 91 -60 -60 -85 83
-60 -60 -85 54 -121 54 -134 54 -134 54 -134 54 104 -60 -60 -121 87 -60 -60 -85
93 -60 -97 54 -104 54 -113 54 93 -60 -60 -85 54 -121 54 80 -60 -60 -86 54
-134 54 104 -60 -60 -121 54 87 -60 -60 -85 135 -60 -60 -85 54 -103 54 100 -60
-60 -85 54 -105 54 100 -60 -60 -85 -112 54 54 -105 54 93 -60 -60 -85 54 91
-60 -60 -85 54 -103 54 91 -60 -60 -85 83 -60 -60 -85 54 -121 54 -134 54 -134
54 -134 54 104 -60 -60 -121 87 -60 -60 -85 135 -60 -60 -85 54 -103 54 -112 54
87 -60 -85 135 -60 -60 -85 54 -103 54 100 -60 -60 -85 54 -105 54 100 -60 -60
-85 54 -112 54 -105 54 93 -60 -60 -85 54 91 -60 -60 -85 54 -103 54 91 -60
-60 -85 83 -60 -60 -85 54 -121 54 -134 54 80 -60 -60 -86 54 -134 54 -134 54
104 -60 -60 -121 87 -60 -60 -85 135 -60 -60 -85 54 -103 54 -112 54 93 -60 -60
54 -134 54 80 -60 -60 -86 54 -134 54 -134 54 104 -60 -60 -121 87 -60 -60 -85
54 -134 54 104 -60 -60 -121 87 -60 -60 -85 135 -60 -60 -85 54 -103 54 -112 54
54 -134 54 -134 54 -134 54 -134 54 104 -60 -60 -121 87 -60 -60 -85 135 -60 -60
54 -134 54 80 -60 -60 -86 54 -134 54 -134 54 104 -60 -60 -121 87 -60 -60 -85
54 -134 54 -134 54 -134 54 104 -60 -60 -121 87 -60 -60 -85 135 -60 -60 -85 54
54 -134 54 -134 54 104 -60 -60 -121 87 -60 -60 -85 135 -60 -60 -85 54 -103 54
-134 54 -134 54 104 -60 -60 -121 87 -60 -60 -85 135 -60 -60 -85 54 -103 54 -112
54 -134 54 104 -60 -60 -121 87 -60 -60 -85 135 -60 -60 -85 54 -103 54 -112 54
54 -134 54 104 -60 -60 -121 87 -60 -60 -85 135 -60 -60 -85 54 -103 54 -112 54
54 -134 54 104 -60 -60 -121 87 -60 -60 -85 135 -60 -60 -85 54 -103 54 -112 54
54 -134 54 104 -60 -60 -121 87 -60 -60 -85 135 -60 -60 -85 54 -103 54 -112 54
54 -121 54 -134 54 -134 54 -134 54 -134 54 -134 54 -134 54 -134 54 104 -60 -60
-121 87 -60 -60 -85 135 -60 -60 -85 54 -103 54 -112 54 93 -60 -60 -85 54 80
54 -134 54 104 -60 -60 -121 87 -60 -60 -85 135 -60 -60 -85 54 -103 54 -112 54
54 104 -60 -60 -121 87 -60 -60 -85 135 -60 -60 -85 54 -103 54 100 -60 -60 -85
54 -105 54 100 -60 -60 -85 54 -112 54 93 -60 -60 -105 54 -85 54 91 -60 -60
-85 54 -103 54 91 -60 -60 -85 83 -60 -60 -85 54 -121 54 -134 54 -134 54 -134
54 104 -60 -60 -121 87 -60 -60 -85 135 -60 -60 -85 54 -103 54 -112 54 93 -60
54 104 -60 -60 -121 87 -60 -60 -85 135 -60 -60 -85 54 -103 54 100 -60 -60 -85
54 -105 54 100 -60 -60 -85 54 -112 54 -105 54 93 -60 -60 -85 54 91 -60 -60
-85 54 -103 54 91 -60 -60 -85 83 -60 -60 -85 54 -121 54 -134 54 -134 54 -134
54 104 -60 -60 -121 87 -60 -60 -85 135 -60 -60 -85 54 -103 54 -112 54 93 -60
54 104 -60 -60 -121 87 -60 -60 -85 135 -60 -60 -85 54 -103 54 100 -60 -60 -85
54 -105 54 100 -60 -60 -112 -85 54 54 -105 54 93 -60 -60 -85 54 91 -60 -60
-85 54 -103 54 91 -60 -60 -85 83 -60 -60 -85 54 -121 54 -134 54 -134 54 -134
54 104 -60 -60 -121 87 -60 -60 -85 135 -60 -60 -85 54 -103 54 -112 54 93 -60
-121 87 -60 -60 -85 135 -60 -60 -85 54 -103 54 100 -60 -60 -85 -105 54 54 100
-60 -60 -85 54 -112 54 -105 54 93 -60 -60 -85 54 91 -60 -60 -85 54 -103 54
91 -60 -60 -85 83 -60 -60 -85 54 -121 54 -134 54 -134 54 -134 54 104 -60 -60
-121 87 -60 -60 -85 135 -60 -60 -85 54 -103 54 -112 54 93 -60 -60 -85 54 80
54 -113 54 93 -60 -60 -85 54 -121 54 -134 54 104 -60 -60 -121 87 -60 -60 -85
135 -60 -60 -85 54 -103 54 100 -60 -60 -85 54 -105 54 100 -60 -60 -85 54 -112
54 -105 54 93 -60 -60 -85 54 91 -60 -60 -85 54 -103 54 91 -60 -60 -85 83
-60 -60 -85 54 -121 54 -134 54 -134 54 -134 54 104 -60 -60 -121 87 -60 -60 -85
93 -60 -97 54 -104 54 -113 54 93 -60 -60 -85 54 -121 54 80 -60 -60 -86 54
-134 54 104 -60 -60 -121 54 87 -60 -60 -85 135 -60 -60 -85 54 -103 54 100 -60
-60 -85 54 -105 54 100 -60 -60 -85 -112 54 54 -105 54 93 -60 -60 -85 54 91
-60 -60 -85 54 -103 54 91 -60 -60 -85 83 -60 -60 -85 54 -121 54 -134 54 -134
54 -134 54 104 -60 -60 -121 87 -60 -60 -85 135 -60 -60 -85 54 -103 54 -112 54
87 -60 -85 135 -60 -60 -85 54 -103 54 100 -60 -60 -85 54 -105 54 100 -60 -60
-85 54 -112 54 -105 54 93 -60 -60 -85 54 91 -60 -60 -85 54 -103 54 91 -60
-60 -85 83 -60 -60 -85 54 -121 54 -134 54 80 -60 -60 -86 54 -134 54 -134 54
104 -60 -60 -121 87 -60 -60 -85 135 -60 -60 -85 54 -103 54 -112 54 93 -60 -60
54 -134 54 80 -60 -60 -86 54 -134 54 -134 54 104 -60 -60 -121 87 -60 -60 -85
54 -134 54 104 -60 -60 -121 87 -60 -60 -85 135 -60 -60 -85 54 -103 54 -112 54
54 -134 54 -134 54 -134 54 -134 54 104 -60 -60 -121 87 -60 -60 -85 135 -60 -60
54 -134 54 80 -60 -60 -86 54 -134 54 -134 54 104 -60 -60 -121 87 -60 -60 -85
54 -134 54 -134 54 -134 54 104 -60 -60 -121 87 -60 -60 -85 135 -60 -60 -85 54
54 -134 54 -134 54 104 -60 -60 -121 87 -60 -60 -85 135 -60 -60 -85 54 -103 54
-134 54 -134 54 104 -60 -60 -121 87 -60 -60 -85 135 -60 -60 -85 54 -103 54 -112
54 -134 54 104 -60 -60 -121 87 -60 -60 -85 135 -60 -60 -85 54 -103 54 -112 54
54 -134 54 104 -60 -60 -121 87 -60 -60 -85 135 -60 -60 -85 54 -103 54 -112 54
54 -134 54 104 -60 -60 -121 87 -60 -60 -85 135 -60 -60 -85 54 -103 54 -112 54
54 -134 54 104 -60 -60 -121 87 -60 -60 -85 135 -60 -60 -85 54 -103 54 -112 54
54 -121 54 -134 54 -134 54 -134 54 -134 54 -134 54 -134 54 -134 54 104 -60 -60
-121 87 -60 -60 -85 135 -60 -60 -85 54 -103 54 -112 54 93 -60 -60 -85 54 80
54 -134 54 104 -60 -60 -121 87 -60 -60 -85 135 -60 -60 -85 54 -103 54 -112 54
54 104 -60 -60 -121 87 -60 -60 -85 135 -60 -60 -85 54 -103 54 100 -60 -60 -85
54 -105 54 100 -60 -60 -85 54 -112 54 93 -60 -60 -105 54 -85 54 91 -60 -60
-85 54 -103 54 91 -60 -60 -85 83 -60 -60 -85 54 -121 54 -134 54 -134 54 -134
54 104 -60 -60 -121 87 -60 -60 -85 135 -60 -60 -85 54 -103 54 -112 54 93 -60
54 104 -60 -60 -121 87 -60 -60 -85 135 -60 -60 -85 54 -103 54 100 -60 -60 -85
54 -105 54 100 -60 -60 -85 54 -112 54 -105 54 93 -60 -60 -85 54 91 -60 -60
-85 54 -103 54 91 -60 -60 -85 83 -60 -60 -85 54 -121 54 -134 54 -134 54 -134
54 104 -60 -60 -121 87 -60 -60 -85 135 -60 -60 -85 54 -103 54 -112 54 93 -60
54 104 -60 -60 -121 87 -60 -60 -85 135 -60 -60 -85 54 -103 54 100 -60 -60 -85
54 -105 54 100 -60 -60 -112 -85 54 54 -105 54 93 -60 -60 -85 54 91 -60 -60
-85 54 -103 54 91 -60 -60 -85 83 -60 -60 -85 54 -121 54 -134 54 -134 54 -134
54 104 -60 -60 -121 87 -60 -60 -85 135 -60 -60 -85 54 -103 54 -112 54 93 -60
-121 87 -60 -60 -85 135 -60 -60 -85 54 -103 54 100 -60 -60 -85 -105 54 54 100
-60 -60 -85 54 -112 54 -105 54 93 -60 -60 -85 54 91 -60 -60 -85 54 -103 54
91 -60 -60 -85 83 -60 -60 -85 54 -121 54 -134 54 -134 54 -134 54 104 -60 -60
-121 87 -60 -60 -85 135 -60 -60 -85 54 -103 54 -112 54 93 -60 -60 -85 54 80
54 -113 54 93 -60 -60 -85 54 -121 54 -134 54 104 -60 -60 -121 87 -60 -60 -85
135 -60 -60 -85 54 -103 54 100 -60 -60 -85 54 -105 54 100 -60 -60 -85 54 -112
54 -105 54 93 -60 -60 -85 54 91 -60 -60 -85 54 -103 54 91 -60 -60 -85 83
-60 -60 -85 54 -121 54 -134 54 -134 54 -134 54 104 -60 -60 -121 87 -60 -60 -85
93 -60 -97 54 -104 54 -113 54 93 -60 -60 -85 54 -121 54 80 -60 -60 -86 54
-134 54 104 -60 -60 -121 54 87 -60 -60 -85 135 -60 -60 -85 54 -103 54 100 -60
-60 -85 54 -105 54 100 -60 -60 -85 -112 54 54 -105 54 93 -60 -60 -85 54 91
-60 -60 -85 54 -103 54 91 -60 -60 -85 83 -60 -60 -85 54 -121 54 -134 54 -134
54 -134 54 104 -60 -60 -121 87 -60 -60 -85 135 -60 -60 -85 54 -103 54 -112 54
87 -60 -85 135 -60 -60 -85 54 -103 54 100 -60 -60 -85 54 -105 54 100 -60 -60
-85 54 -112 54 -105 54 93 -60 -60 -85 54 91 -60 -60 -85 54 -103 54 91 -60
-60 -85 83 -60 -60 -85 54 -121 54 -134 54 80 -60 -60 -86 54 -134 54 -134 54
104 -60 -60 -121 87 -60 -60 -85 135 -60 -60 -85 54 -103 54 -112 54 93 -60 -60
54 -134 54 80 -60 -60 -86 54 -134 54 -134 54 104 -60 -60 -121 87 -60 -60 -85
54 -134 54 104 -60 -60 -121 87 -60 -60 -85 135 -60 -60 -85 54 -103 54 -112 54
54 -134 54 -134 54 -134 54 -134 54 104 -60 -60 -121 87 -60 -60 -85 135 -60 -60
54 -134 54 80 -60 -60 -86 54 -134 54 -134 54 104 -60 -60 -121 87 -60 -60 -85
54 -134 54 -134 54 -134 54 104 -60 -60 -121 87 -60 -60 -85 135 -60 -60 -85 54
54 -134 54 -134 54 104 -60 -60 -121 87 -60 -60 -85 135 -60 -60 -85 54 -103 54
-134 54 -134 54 104 -60 -60 -121 87 -60 -60 -85 135 -60 -60 -85 54 -103 54 -112
54 -134 54 104 -60 -60 -121 87 -60 -60 -85 135 -60 -60 -85 54 -103 54 -112 54
54 -134 54 104 -60 -60 -121 87 -60 -60 -85 135 -60 -60 -85 54 -103 54 -112 54
54 -134 54 104 -60 -60 -121 87 -60 -60 -85 135 -60 -60 -85 54 -103 54 -112 54
54 -134 54 104 -60 -60 -121 87 -60 -60 -85 135 -60 -60 -85 54 -103 54 -112 54
54 -121 54 -134 54 -134 54 -134 54 -134 54 -134 54 -134 54 -134 54 104 -60 -60
-121 87 -60 -60 -85 135 -60 -60 -85 54 -103 54 -112 54 93 -60 -60 -85 54 80
54 -134 54 104 -60 -60 -121 87 -60 -60 -85 135 -60 -60 -85 54 -103 54 -112 54
54 104 -60 -60 -121 87 -60 -60 -85 135 -60 -60 -85 54 -103 54 100 -60 -60 -85
54 -105 54 100 -60 -60 -85 54 -112 54 93 -60 -60 -105 54 -85 54 91 -60 -60
-85 54 -103 54 91 -60 -60 -85 83 -60 -60 -85 54 -121 54 -134 54 -134 54 -134
54 104 -60 -60 -121 87 -60 -60 -85 135 -60 -60 -85 54 -103 54 -112 54 93 -60
54 104 -60 -60 -121 87 -60 -60 -85 135 -60 -60 -85 54 -103 54 100 -60 -60 -85
54 -105 54 100 -60 -60 -85 54 -112 54 -105 54 93 -60 -60 -85 54 91 -60 -60
-85 54 -103 54 91 -60 -60 -85 83 -60 -60 -85 54 -121 54 -134 54 -134 54 -134
54 104 -60 -60 -121 87 -60 -60 -85 135 -60 -60 -85 54 -103 54 -112 54 93 -60
54 104 -60 -60 -121 87 -60 -60 -85 135 -60 -60 -85 54 -103 54 100 -60 -60 -85
54 -105 54 100 -60 -60 -112 -85 54 54 -105 54 93 -60 -60 -85 54 91 -60 -60
-85 54 -103 54 91 -60 -60 -85 83 -60 -60 -85 54 -121 54 -134 54 -134 54 -134
54 104 -60 -60 -121 87 -60 -60 -85 135 -60 -60 -85 54 -103 54 -112 54 93 -60
-121 87 -60 -60 -85 135 -60 -60 -85 54 -103 54 100 -60 -60 -85 -105 54 54 100
-60 -60 -85 54 -112 54 -105 54 93 -60 -60 -85 54 91 -60 -60 -85 54 -103 54
91 -60 -60 -85 83 -60 -60 -85 54 -121 54 -134 54 -134 54 -134 54 104 -60 -60
-121 87 -60 -60 -85 135 -60 -60 -85 54 -103 54 -112 54 93 -60 -60 -85 54 80
54 -113 54 93 -60 -60 -85 54 -121 54 -134 54 104 -60 -60 -121 87 -60 -60 -85
135 -60 -60 -85 54 -103 54 100 -60 -60 -85 54 -105 54 100 -60 -60 -85 54 -112
54 -105 54 93 -60 -60 -85 54 91 -60 -60 -85 54 -103 54 91 -60 -60 -85 83
-60 -60 -85 54 -121 54 -134 54 -134 54 -134 54 104 -60 -60 -121 87 -60 -60 -85
93 -60 -97 54 -104 54 -113 54 93 -60 -60 -85 54 -121 54 80 -60 -60 -86 54
-134 54 104 -60 -60 -121 54 87 -60 -60 -85 135 -60 -60 -85 54 -103 54 100 -60
-60 -85 54 -105 54 100 -60 -60 -85 -112 54 54 -105 54 93 -60 -60 -85 54 91
-60 -60 -85 54 -103 54 91 -60 -60 -85 83 -60 -60 -85 54 -121 54 -134 54 -134
54 -134 54 104 -60 -60 -121 87 -60 -60 -85 135 -60 -60 -85 54 -103 54 -112 54
87 -60 -85 135 -60 -60 -85 54 -103 54 100 -60 -60 -85 54 -105 54 100 -60 -60
-85 54 -112 54 -105 54 93 -60 -60 -85 54 91 -60 -60 -85 54 -103 54 91 -60
-60 -85 83 -60 -60 -85 54 -121 54 -134 54 80 -60 -60 -86 54 -134 54 -134 54
104 -60 -60 -121 87 -60 -60 -85 135 -60 -60 -85 54 -103 54 -112 54 93 -60 -60
54 -134 54 80 -60 -60 -86 54 -134 54 -134 54 104 -60 -60 -121 87 -60 -60 -85
54 -134 54 104 -60 -60 -121 87 -60 -60 -85 135 -60 -60 -85 54 -103 54 -112 54
54 -134 54 -134 54 -134 54 -134 54 104 -60 -60 -121 87 -60 -60 -85 135 -60 -60
54 -134 54 80 -60 -60 -86 54 -134 54 -134 54 104 -60 -60 -121 87 -60 -60 -85
54 -134 54 -134 54 -134 54 104 -60 -60 -121 87 -60 -60 -85 135 -60 -60 -85 54
54 -134 54 -134 54 104 -60 -60 -121 87 -60 -60 -85 135 -60 -60 -85 54 -103 54
-134 54 -134 54 104 -60 -60 -121 87 -60 -60 -85 135 -60 -60 -85 54 -103 54 -112
54 -134 54 104 -60 -60 -121 87 -60 -60 -85 135 -60 -60 -85 54 -103 54 -112 54
54 -134 54 104 -60 -60 -121 87 -60 -60 -85 135 -60 -60 -85 54 -103 54 -112 54
54 -134 54 104 -60 -60 -121 87 -60 -60 -85 135 -60 -60 -85 54 -103 54 -112 54
54 -134 54 104 -60 -60 -121 87 -60 -60 -85 135 -60 -60 -85 54 -103 54 -112 54
54 -121 54 -134 54 -134 54 -134 54 -134 54 -134 54 -134 54 -134 54 104 -60 -60
-121 87 -60 -60 -85 135 -60 -60 -85 54 -103 54 -112 54 93 -60 -60 -85 54 80
54 -134 54 104 -60 -60 -121 87 -60 -60 -85 135 -60 -60 -85 54 -103 54 -112 54
54 104 -60 -60 -121 87 -60 -60 -85 135 -60 -60 -85 54 -103 54 100 -60 -60 -85
54 -105 54 100 -60 -60 -85 54 -112 54 93 -60 -60 -105 54 -85 54 91 -60 -60
-85 54 -103 54 91 -60 -60 -85 83 -60 -60 -85 54 -121 54 -134 54 -134 54 -134
54 104 -60 -60 -121 87 -60 -60 -85 135 -60 -60 -85 54 -103 54 -112 54 93 -60
54 104 -60 -60 -121 87 -60 -60 -85 135 -60 -60 -85 54 -103 54 100 -60 -60 -85
54 -105 54 100 -60 -60 -85 54 -112 54 -105 54 93 -60 -60 -85 54 91 -60 -60
-85 54 -103 54 91 -60 -60 -85 83 -60 -60 -85 54 -121 54 -134 54 -134 54 -134
54 104 -60 -60 -121 87 -60 -60 -85 135 -60 -60 -85 54 -103 54 -112 54 93 -60
54 104 -60 -60 -121 87 -60 -60 -85 135 -60 -60 -85 54 -103 54 100 -60 -60 -85
54 -105 54 100 -60 -60 -112 -85 54 54 -105 54 93 -60 -60 -85 54 91 -60 -60
-85 54 -103 54 91 -60 -60 -85 83 -60 -60 -85 54 -121 54 -134 54 -134 54 -134
54 104 -60 -60 -121 87 -60 -60 -85 135 -60 -60 -85 54 -103 54 -112 54 93 -60
-121 87 -60 -60 -85 135 -60 -60 -85 54 -103 54 100 -60 -60 -85 -105 54 54 100
-60 -60 -85 54 -112 54 -105 54 93 -60 -60 -85 54 91 -60 -60 -85 54 -103 54
91 -60 -60 -85 83 -60 -60 -85 54 -121 54 -134 54 -134 54 -134 54 104 -60 -60
-121 87 -60 -60 -85 135 -60 -60 -85 54 -103 54 -112 54 93 -60 -60 -85 54 80
54 -113 54 93 -60 -60 -85 54 -121 54 -134 54 104 -60 -60 -121 87 -60 -60 -85
135 -60 -60 -85 54 -103 54 100 -60 -60 -85 54 -105 54 100 -60 -60 -85 54 -112
54 -105 54 93 -60 -60 -85 54 91 -60 -60 -85 54 -103 54 91 -60 -60 -85 83
-60 -60 -85 54 -121 54 -134 54 -134 54 -134 54 104 -60 -60 -121 87 -60 -60 -85
93 -60 -97 54 -104 54 -113 54 93 -60 -60 -85 54 -121 54 80 -60 -60 -86 54
-134 54 104 -60 -60 -121 54 87 -60 -60 -85 135 -60 -60 -85 54 -103 54 100 -60
-60 -85 54 -105 54 100 -60 -60 -85 -112 54 54 -105 54 93 -60 -60 -85 54 91
-60 -60 -85 54 -103 54 91 -60 -60 -85 83 -60 -60 -85 54 -121 54 -134 54 -134
54 -134 54 104 -60 -60 -121 87 -60 -60 -85 135 -60 -60 -85 54 -103 54 -112 54
87 -60 -85 135 -60 -60 -85 54 -103 54 100 -60 -60 -85 54 -105 54 100 -60 -60
-85 54 -112 54 -105 54 93 -60 -60 -85 54 91 -60 -60 -85 54 -103 54 91 -60
-60 -85 83 -60 -60 -85 54 -121 54 -134 54 80 -60 -60 -86 54 -134 54 -134 54
104 -60 -60 -121 87 -60 -60 -85 135 -60 -60 -85 54 -103 54 -112 54 93 -60 -60
54 -134 54 80 -60 -60 -86 54 -134 54 -134 54 104 -60 -60 -121 87 -60 -60 -85
54 -134 54 104 -60 -60 -121 87 -60 -60 -85 135 -60 -60 -85 54 -103 54 -112 54
54 -134 54 -134 54 -134 54 -134 54 104 -60 -60 -121 87 -60 -60 -85 135 -60 -60
54 -134 54 80 -60 -60 -86 54 -134 54 -134 54 104 -60 -60 -121 87 -60 -60 -85
54 -134 54 -134 54 -134 54 104 -60 -60 -121 87 -60 -60 -85 135 -60 -60 -85 54
54 -134 54 -134 54 104 -60 -60 -121 87 -60 -60 -85 135 -60 -60 -85 54 -103 54
-134 54 -134 54 104 -60 -60 -121 87 -60 -60 -85 135 -60 -60 -85 54 -103 54 -112
54 -134 54 104 -60 -60 -121 87 -60 -60 -85 135 -60 -60 -85 54 -103 54 -112 54
54 -134 54 104 -60 -60 -121 87 -60 -60 -85 135 -60 -60 -85 54 -103 54 -112 54
54 -134 54 104 -60 -60 -121 87 -60 -60 -85 135 -60 -60 -85 54 -103 54 -112 54
54 -134 54 104 -60 -60 -121 87 -60 -60 -85 135 -60 -60 -85 54 -103 54 -112 54
54 -121 54 -134 54 -134 54 -134 54 -134 54 -134 54 -134 54 -134 54 104 -60 -60
-121 87 -60 -60 -85 135 -60 -60 -85 54 -103 54 -112 54 93 -60 -60 -85 54 80
54 -134 54 104 -60 -60 -121 87 -60 -60 -85 135 -60 -60 -85 54 -103 54 -112 54
54 104 -60 -60 -121 87 -60 -60 -85 135 -60 -60 -85 54 -103 54 100 -60 -60 -85
54 -105 54 100 -60 -60 -85 54 -112 54 93 -60 -60 -105 54 -85 54 91 -60 -60
-85 54 -103 54 91 -60 -60 -85 83 -60 -60 -85 54 -121 54 -134 54 -134 54 -134
54 104 -60 -60 -121 87 -60 -60 -85 135 -60 -60 -85 54 -103 54 -112 54 93 -60
54 104 -60 -60 -121 87 -60 -60 -85 135 -60 -60 -85 54 -103 54 100 -60 -60 -85
54 -105 54 100 -60 -60 -85 54 -112 54 -105 54 93 -60 -60 -85 54 91 -60 -60
-85 54 -103 54 91 -60 -60 -85 83 -60 -60 -85 54 -121 54 -134 54 -134 54 -134
54 104 -60 -60 -121 87 -60 -60 -85 135 -60 -60 -85 54 -103 54 -112 54 93 -60
54 104 -60 -60 -121 87 -60 -60 -85 135 -60 -60 -85 54 -103 54 100 -60 -60 -85
54 -105 54 100 -60 -60 -112 -85 54 54 -105 54 93 -60 -60 -85 54 91 -60 -60
-85 54 -103 54 91 -60 -60 -85 83 -60 -60 -85 54 -121 54 -134 54 -134 54 -134
54 104 -60 -60 -121 87 -60 -60 -85 135 -60 -60 -85 54 -103 54 -112 54 93 -60
-121 87 -60 -60 -85 135 -60 -60 -85 54 -103 54 100 -60 -60 -85 -105 54 54 100
-60 -60 -85 54 -112 54 -105 54 93 -60 -60 -85 54 91 -60 -60 -85 54 -103 54
91 -60 -60 -85 83 -60 -60 -85 54 -121 54 -134 54 -134 54 -134 54 104 -60 -60
-121 87 -60 -60 -85 135 -60 -60 -85 54 -103 54 -112 54 93 -60 -60 -85 54 80
54 -113 54 93 -60 -60 -85 54 -121 54 -134 54 104 -60 -60 -121 87 -60 -60 -85
135 -60 -60 -85 54 -103 54 100 -60 -60 -85 54 -105 54 100 -60 -60 -85 54 -112
54 -105 54 93 -60 -60 -85 54 91 -60 -60 -85 54 -103 54 91 -60 -60 -85 83
-60 -60 -85 54 -121 54 -134 54 -134 54 -134 54 104 -60 -60 -121 87 -60 -60 -85
93 -60 -97 54 -104 54 -113 54 93 -60 -60 -85 54 -121 54 80 -60 -60 -86 54
-134 54 104 -60 -60 -121 54 87 -60 -60 -85 135 -60 -60 -85 54 -103 54 100 -60
-60 -85 54 -105 54 100 -60 -60 -85 -112 54 54 -105 54 93 -60 -60 -85 54 91
-60 -60 -85 54 -103 54 91 -60 -60 -85 83 -60 -60 -85 54 -121 54 -134 54 -134
54 -134 54 104 -60 -60 -121 87 -60 -60 -85 135 -60 -60 -85 54 -103 54 -112 54
87 -60 -85 135 -60 -60 -85 54 -103 54 100 -60 -60 -85 54 -105 54 100 -60 -60
-85 54 -112 54 -105 54 93 -60 -60 -85 54 91 -60 -60 -85 54 -103 54 91 -60
-60 -85 83 -60 -60 -85 54 -121 54 -134 54 80 -60 -60 -86 54 -134 54 -134 54
104 -60 -60 -121 87 -60 -60 -85 135 -60 -60 -85 54 -103 54 -112 54 93 -60 -60
54 -134 54 80 -60 -60 -86 54 -134 54 -134 54 104 -60 -60 -121 87 -60 -60 -85
54 -134 54 104 -60 -60 -121 87 -60 -60 -85 135 -60 -60 -85 54 -103 54 -112 54
54 -134 54 -134 54 -134 54 -134 54 104 -60 -60 -121 87 -60 -60 -85 135 -60 -60
54 -134 54 80 -60 -60 -86 54 -134 54 -134 54 104 -60 -60 -121 87 -60 -60 -85
54 -134 54 -134 54 -134 54 104 -60 -60 -121 87 -60 -60 -85 135 -60 -60 -85 54
54 -134 54 -134 54 104 -60 -60 -121 87 -60 -60 -85 135 -60 -60 -85 54 -103 54
-134 54 -134 54 104 -60 -60 -121 87 -60 -60 -85 135 -60 -60 -85 54 -103 54 -112
54 -134 54 104 -60 -60 -121 87 -60 -60 -85 135 -60 -60 -85 54 -103 54 -112 54
54 -134 54 104 -60 -60 -121 87 -60 -60 -85 135 -60 -60 -85 54 -103 54 -112 54
54 -134 54 104 -60 -60 -121 87 -60 -60 -85 135 -60 -60 -85 54 -103 54 -112 54
54 -134 54 104 -60 -60 -121 87 -60 -60 -85 135 -60 -60 -85 54 -103 54 -112 54
54 -121 54 -134 54 -134 54 -134 54 -134 54 -134 54 -134 54 -134 54 104 -60 -60
-121 87 -60 -60 -85 135 -60 -60 -85 54 -103 54 -112 54 93 -60 -60 -85 54 80
54 -134 54 104 -60 -60 -121 87 -60 -60 -85 135 -60 -60 -85 54 -103 54 -112 54
54 104 -60 -60 -121 87 -60 -60 -85 135 -60 -60 -85 54 -103 54 100 -60 -60 -85
54 -105 54 100 -60 -60 -85 54 -112 54 93 -60 -60 -105 54 -85 54 91 -60 -60
-85 54 -103 54 91 -60 -60 -85 83 -60 -60 -85 54 -121 54 -134 54 -134 54 -134
54 104 -60 -60 -121 87 -60 -60 -85 135 -60 -60 -85 54 -103 54 -112 54 93 -60
54 104 -60 -60 -121 87 -60 -60 -85 135 -60 -60 -85 54 -103 54 100 -60 -60 -85
54 -105 54 100 -60 -60 -85 54 -112 54 -105 54 93 -60 -60 -85 54 91 -60 -60
-85 54 -103 54 91 -60 -60 -85 83 -60 -60 -85 54 -121 54 -134 54 -134 54 -134
54 104 -60 -60 -121 87 -60 -60 -85 135 -60 -60 -85 54 -103 54 -112 54 93 -60
54 104 -60 -60 -121 87 -60 -60 -85 135 -60 -60 -85 54 -103 54 100 -60 -60 -85
54 -105 54 100 -60 -60 -112 -85 54 54 -105 54 93 -60 -60 -85 54 91 -60 -60
-85 54 -103 54 91 -60 -60 -85 83 -60 -60 -85 54 -121 54 -134 54 -134 54 -134
54 104 -60 -60 -121 87 -60 -60 -85 135 -60 -60 -85 54 -103 54 -112 54 93 -60
-121 87 -60 -60 -85 135 -60 -60 -85 54 -103 54 100 -60 -60 -85 -105 54 54 100
-60 -60 -85 54 -112 54 -105 54 93 -60 -60 -85 54 91 -60 -60 -85 54 -103 54
91 -60 -60 -85 83 -60 -60 -85 54 -121 54 -134 54 -134 54 -134 54 104 -60 -60
-121 87 -60 -60 -85 135 -60 -60 -85 54 -103 54 -112 54 93 -60 -60 -85 54 80
54 -113 54 93 -60 -60 -85 54 -121 54 -134 54 104 -60 -60 -121 87 -60 -60 -85
135 -60 -60 -85 54 -103 54 100 -60 -60 -85 54 -105 54 100 -60 -60 -85 54 -112
54 -105 54 93 -60 -60 -85 54 91 -60 -60 -85 54 -103 54 91 -60 -60 -85 83
-60 -60 -85 54 -121 54 -134 54 -134 54 -134 54 104 -60 -60 -121 87 -60 -60 -85
93 -60 -97 54 -104 54 -113 54 93 -60 -60 -85 54 -121 54 80 -60 -60 -86 54
-134 54 104 -60 -60 -121 54 87 -60 -60 -85 135 -60 -60 -85 54 -103 54 100 -60
-60 -85 54 -105 54 100 -60 -60 -85 -112 54 54 -105 54 93 -60 -60 -85 54 91
-60 -60 -85 54 -103 54 91 -60 -60 -85 83 -60 -60 -85 54 -121 54 -134 54 -134
54 -134 54 104 -60 -60 -121 87 -60 -60 -85 135 -60 -60 -85 54 -103 54 -112 54
87 -60 -85 135 -60 -60 -85 54 -103 54 100 -60 -60 -85 54 -105 54 100 -60 -60
-85 54 -112 54 -105 54 93 -60 -60 -85 54 91 -60 -60 -85 54 -103 54 91 -60
-60 -85 83 -60 -60 -85 54 -121 54 -134 54 80 -60 -60 -86 54 -134 54 -134 54
104 -60 -60 -121 87 -60 -60 -85 135 -60 -60 -85 54 -103 54 -112 54 93 -60 -60
54 -134 54 80 -60 -60 -86 54 -134 54 -134 54 104 -60 -60 -121 87 -60 -60 -85
54 -134 54 104 -60 -60 -121 87 -60 -60 -85 135 -60 -60 -85 54 -103 54 -112 54
54 -134 54 -134 54 -134 54 -134 54 104 -60 -60 -121 87 -60 -60 -85 135 -60 -60
54 -134 54 80 -60 -60 -86 54 -134 54 -134 54 104 -60 -60 -121 87 -60 -60 -85
54 -134 54 -134 54 -134 54 104 -60 -60 -121 87 -60 -60 -85 135 -60 -60 -85 54
54 -134 54 -134 54 104 -60 -60 -121 87 -60 -60 -85 135 -60 -60 -85 54 -103 54
-134 54 -134 54 104 -60 -60 -121 87 -60 -60 -85 135 -60 -60 -85 54 -103 54 -112
54 -134 54 104 -60 -60 -121 87 -60 -60 -85 135 -60 -60 -85 54 -103 54 -112 54
54 -134 54 104 -60 -60 -121 87 -60 -60 -85 135 -60 -60 -85 54 -103 54 -112 54
54 -134 54 104 -60 -60 -121 87 -60 -60 -85 135 -60 -60 -85 54 -103 54 -112 54
54 -134 54 104 -60 -60 -121 87 -60 -60 -85 135 -60 -60 -85 54 -103 54 -112 54
54 -121 54 -134 54 -134 54 -134 54 -134 54 -134 54 -134 54 -134 54 104 -60 -60
-121 87 -60 -60 -85 135 -60 -60 -85 54 -103 54 -112 54 93 -60 -60 -85 54 80
54 -134 54 104 -60 -60 -121 87 -60 -60 -85 135 -60 -60 -85 54 -103 54 -112 54
54 104 -60 -60 -121 87 -60 -60 -85 135 -60 -60 -85 54 -103 54 100 -60 -60 -85
54 -105 54 100 -60 -60 -85 54 -112 54 93 -60 -60 -105 54 -85 54 91 -60 -60
-85 54 -103 54 91 -60 -60 -85 83 -60 -60 -85 54 -121 54 -134 54 -134 54 -134
54 104 -60 -60 -121 87 -60 -60 -85 135 -60 -60 -85 54 -103 54 -112 54 93 -60
54 104 -60 -60 -121 87 -60 -60 -85 135 -60 -60 -85 54 -103 54 100 -60 -60 -85
54 -105 54 100 -60 -60 -85 54 -112 54 -105 54 93 -60 -60 -85 54 91 -60 -60
-85 54 -103 54 91 -60 -60 -85 83 -60 -60 -85 54 -121 54 -134 54 -134 54 -134
54 104 -60 -60 -121 87 -60 -60 -85 135 -60 -60 -85 54 -103 54 -112 54 93 -60
54 104 -60 -60 -121 87 -60 -60 -85 135 -60 -60 -85 54 -103 54 100 -60 -60 -85
54 -105 54 100 -60 -60 -112 -85 54 54 -105 54 93 -60 -60 -85 54 91 -60 -60
-85 54 -103 54 91 -60 -60 -85 83 -60 -60 -85 54 -121 54 -134 54 -134 54 -134
54 104 -60 -60 -121 87 -60 -60 -85 135 -60 -60 -85 54 -103 54 -112 54 93 -60
-121 87 -60 -60 -85 135 -60 -60 -85 54 -103 54 100 -60 -60 -85 -105 54 54 100
-60 -60 -85 54 -112 54 -105 54 93 -60 -60 -85 54 91 -60 -60 -85 54 -103 54
91 -60 -60 -85 83 -60 -60 -85 54 -121 54 -134 54 -134 54 -134 54 104 -60 -60
-121 87 -60 -60 -85 135 -60 -60 -85 54 -103 54 -112 54 93 -60 -60 -85 54 80
54 -113 54 93 -60 -60 -85 54 -121 54 -134 54 104 -60 -60 -121 87 -60 -60 -85
135 -60 -60 -85 54 -103 54 100 -60 -60 -85 54 -105 54 100 -60 -60 -85 54 -112
54 -105 54 93 -60 -60 -85 54 91 -60 -60 -85 54 -103 54 91 -60 -60 -85 83
-60 -60 -85 54 -121 54 -134 54 -134 54 -134 54 104 -60 -60 -121 87 -60 -60 -85
93 -60 -97 54 -104 54 -113 54 93 -60 -60 -85 54 -121 54 80 -60 -60 -86 54
-134 54 104 -60 -60 -121 54 87 -60 -60 -85 135 -60 -60 -85 54 -103 54 100 -60
-60 -85 54 -105 54 100 -60 -60 -85 -112 54 54 -105 54 93 -60 -60 -85 54 91
-60 -60 -85 54 -103 54 91 -60 -60 -85 83 -60 -60 -85 54 -121 54 -134 54 -134
54 -134 54 104 -60 -60 -121 87 -60 -60 -85 135 -60 -60 -85 54 -103 54 -112 54
87 -60 -85 135 -60 -60 -85 54 -103 54 100 -60 -60 -85 54 -105 54 100 -60 -60
-85 54 -112 54 -105 54 93 -60 -60 -85 54 91 -60 -60 -85 54 -103 54 91 -60
-60 -85 83 -60 -60 -85 54 -121 54 -134 54 80 -60 -60 -86 54 -134 54 -134 54
104 -60 -60 -121 87 -60 -60 -85 135 -60 -60 -85 54 -103 54 -112 54 93 -60 -60
54 -134 54 80 -60 -60 -86 54 -134 54 -134 54 104 -60 -60 -121 87 -60 -60 -85
54 -134 54 104 -60 -60 -121 87 -60 -60 -85 135 -60 -60 -85 54 -103 54 -112 54
54 -134 54 -134 54 -134 54 -134 54 104 -60 -60 -121 87 -60 -60 -85 135 -60 -60
54 -134 54 80 -60 -60 -86 54 -134 54 -134 54 104 -60 -60 -121 87 -60 -60 -85
54 -134 54 -134 54 -134 54 104 -60 -60 -121 87 -60 -60 -85 135 -60 -60 -85 54
54 -134 54 -134 54 104 -60 -60 -121 87 -60 -60 -85 135 -60 -60 -85 54 -103 54
-134 54 -134 54 104 -60 -60 -121 87 -60 -60 -85 135 -60 -60 -85 54 -103 54 -112
54 -134 54 104 -60 -60 -121 87 -60 -60 -85 135 -60 -60 -85 54 -103 54 -112 54
54 -134 54 104 -60 -60 -121 87 -60 -60 -85 135 -60 -60 -85 54 -103 54 -112 54
54 -134 54 104 -60 -60 -121 87 -60 -60 -85 135 -60 -60 -85 54 -103 54 -112 54
54 -134 54 104 -60 -60 -121 87 -60 -60 -85 135 -60 -60 -85 54 -103 54 -112 54
54 -121 54 -134 54 -134 54 -134 54 -134 54 -134 54 -134 54 -134 54 104 -60 -60
-121 87 -60 -60 -85 135 -60 -60 -85 54 -103 54 -112 54 93 -60 -60 -85 54 80
54 -134 54 104 -60 -60 -121 87 -60 -60 -85 135 -60 -60 -85 54 -103 54 -112 54
54 104 -60 -60 -121 87 -60 -60 -85 135 -60 -60 -85 54 -103 54 100 -60 -60 -85
54 -105 54 100 -60 -60 -85 54 -112 54 93 -60 -60 -105 54 -85 54 91 -60 -60
-85 54 -103 54 91 -60 -60 -85 83 -60 -60 -85 54 -121 54 -134 54 -134 54 -134
54 104 -60 -60 -121 87 -60 -60 -85 135 -60 -60 -85 54 -103 54 -112 54 93 -60
54 104 -60 -60 -121 87 -60 -60 -85 135 -60 -60 -85 54 -103 54 100 -60 -60 -85
54 -105 54 100 -60 -60 -85 54 -112 54 -105 54 93 -60 -60 -85 54 91 -60 -60
-85 54 -103 54 91 -60 -60 -85 83 -60 -60 -85 54 -121 54 -134 54 -134 54 -134
54 104 -60 -60 -121 87 -60 -60 -85 135 -60 -60 -85 54 -103 54 -112 54 93 -60
54 104 -60 -60 -121 87 -60 -60 -85 135 -60 -60 -85 54 -103 54 100 -60 -60 -85
54 -105 54 100 -60 -60 -112 -85 54 54 -105 54 93 -60 -60 -85 54 91 -60 -60
-85 54 -103 54 91 -60 -60 -85 83 -60 -60 -85 54 -121 54 -134 54 -134 54 -134
54 104 -60 -60 -121 87 -60 -60 -85 135 -60 -60 -85 54 -103 54 -112 54 93 -60
-121 87 -60 -60 -85 135 -60 -60 -85 54 -103 54 100 -60 -60 -85 -105 54 54 100
-60 -60 -85 54 -112 54 -105 54 93 -60 -60 -85 54 91 -60 -60 -85 54 -103 54
91 -60 -60 -85 83 -60 -60 -85 54 -121 54 -134 54 -134 54 -134 54 104 -60 -60
-121 87 -60 -60 -85 135 -60 -60 -85 54 -103 54 -112 54 93 -60 -60 -85 54 80
54 -113 54 93 -60 -60 -85 54 -121 54 -134 54 104 -60 -60 -121 87 -60 -60 -85
135 -60 -60 -85 54 -103 54 100 -60 -60 -85 54 -105 54 100 -60 -60 -85 54 -112
54 -105 54 93 -60 -60 -85 54 91 -60 -60 -85 54 -103 54 91 -60 -60 -85 83
-60 -60 -85 54 -121 54 -134 54 -134 54 -134 54 104 -60 -60 -121 87 -60 -60 -85
93 -60 -97 54 -104 54 -113 54 93 -60 -60 -85 54 -121 54 80 -60 -60 -86 54
-134 54 104 -60 -60 -121 54 87 -60 -60 -85 135 -60 -60 -85 54 -103 54 100 -60
-60 -85 54 -105 54 100 -60 -60 -85 -112 54 54 -105 54 93 -60 -60 -85 54 91
-60 -60 -85 54 -103 54 91 -60 -60 -85 83 -60 -60 -85 54 -121 54 -134 54 -134
54 -134 54 104 -60 -60 -121 87 -60 -60 -85 135 -60 -60 -85 54 -103 54 -112 54
87 -60 -85 135 -60 -60 -85 54 -103 54 100 -60 -60 -85 54 -105 54 100 -60 -60
-85 54 -112 54 -105 54 93 -60 -60 -85 54 91 -60 -60 -85 54 -103 54 91 -60
-60 -85 83 -60 -60 -85 54 -121 54 -134 54 80 -60 -60 -86 54 -134 54 -134 54
104 -60 -60 -121 87 -60 -60 -85 135 -60 -60 -85 54 -103 54 -112 54 93 -60 -60
54 -134 54 80 -60 -60 -86 54 -134 54 -134 54 104 -60 -60 -121 87 -60 -60 -85
54 -134 54 104 -60 -60 -121 87 -60 -60 -85 135 -60 -60 -85 54 -103 54 -112 54
54 -134 54 -134 54 -134 54 -134 54 104 -60 -60 -121 87 -60 -60 -85 135 -60 -60
54 -134 54 80 -60 -60 -86 54 -134 54 -134 54 104 -60 -60 -121 87 -60 -60 -85
54 -134 54 -134 54 -134 54 104 -60 -60 -121 87 -60 -60 -85 135 -60 -60 -85 54
54 -134 54 -134 54 104 -60 -60 -121 87 -60 -60 -85 135 -60 -60 -85 54 -103 54
-134 54 -134 54 104 -60 -60 -121 87 -60 -60 -85 135 -60 -60 -85 54 -103 54 -112
54 -134 54 104 -60 -60 -121 87 -60 -60 -85 135 -60 -60 -85 54 -103 54 -112 54
54 -134 54 104 -60 -60 -121 87 -60 -60 -85 135 -60 -60 -85 54 -103 54 -112 54
54 -134 54 104 -60 -60 -121 87 -60 -60 -85 135 -60 -60 -85 54 -103 54 -112 54
54 -134 54 104 -60 -60 -121 87 -60 -60 -85 135 -60 -60 -85 54 -103 54 -112 54
54 -121 54 -134 54 -134 54 -134 54 -134 54 -134 54 -134 54 -134 54 104 -60 -60
-121 87 -60 -60 -85 135 -60 -60 -85 54 -103 54 -112 54 93 -60 -60 -85 54 80
54 -134 54 104 -60 -60 -121 87 -60 -60 -85 135 -60 -60 -85 54 -103 54 -112 54
54 104 -60 -60 -121 87 -60 -60 -85 135 -60 -60 -85 54 -103 54 100 -60 -60 -85
54 -105 54 100 -60 -60 -85 54 -112 54 93 -60 -60 -105 54 -85 54 91 -60 -60
-85 54 -103 54 91 -60 -60 -85 83 -60 -60 -85 54 -121 54 -134 54 -134 54 -134
54 104 -60 -60 -121 87 -60 -60 -85 135 -60 -60 -85 54 -103 54 -112 54 93 -60
54 104 -60 -60 -121 87 -60 -60 -85 135 -60 -60 -85 54 -103 54 100 -60 -60 -85
54 -105 54 100 -60 -60 -85 54 -112 54 -105 54 93 -60 -60 -85 54 91 -60 -60
-85 54 -103 54 91 -60 -60 -85 83 -60 -60 -85 54 -121 54 -134 54 -134 54 -134
54 104 -60 -60 -121 87 -60 -60 -85 135 -60 -60 -85 54 -103 54 -112 54 93 -60
54 104 -60 -60 -121 87 -60 -60 -85 135 -60 -60 -85 54 -103 54 100 -60 -60 -85
54 -105 54 100 -60 -60 -112 -85 54 54 -105 54 93 -60 -60 -85 54 91 -60 -60
-85 54 -103 54 91 -60 -60 -85 83 -60 -60 -85 54 -121 54 -134 54 -134 54 -134
54 104 -60 -60 -121 87 -60 -60 -85 135 -60 -60 -85 54 -103 54 -112 54 93 -60
-121 87 -60 -60 -85 135 -60 -60 -85 54 -103 54 100 -60 -60 -85 -105 54 54 100
-60 -60 -85 54 -112 54 -105 54 93 -60 -60 -85 54 91 -60 -60 -85 54 -103 54
91 -60 -60 -85 83 -60 -60 -85 54 -121 54 -134 54 -134 54 -134 54 104 -60 -60
-121 87 -60 -60 -85 135 -60 -60 -85 54 -103 54 -112 54 93 -60 -60 -85 54 80
54 -113 54 93 -60 -60 -85 54 -121 54 -134 54 104 -60 -60 -121 87 -60 -60 -85
135 -60 -60 -85 54 -103 54 100 -60 -60 -85 54 -105 54 100 -60 -60 -85 54 -112
54 -105 54 93 -60 -60 -85 54 91 -60 -60 -85 54 -103 54 91 -60 -60 -85 83
-60 -60 -85 54 -121 54 -134 54 -134 54 -134 54 104 -60 -60 -121 87 -60 -60 -85
93 -60 -97 54 -104 54 -113 54 93 -60 -60 -85 54 -121 54 80 -60 -60 -86 54
-134 54 104 -60 -60 -121 54 87 -60 -60 -85 135 -60 -60 -85 54 -103 54 100 -60
-60 -85 54 -105 54 100 -60 -60 -85 -112 54 54 -105 54 93 -60 -60 -85 54 91
-60 -60 -85 54 -103 54 91 -60 -60 -85 83 -60 -60 -85 54 -121 54 -134 54 -134
54 -134 54 104 -60 -60 -121 87 -60 -60 -85 135 -60 -60 -85 54 -103 54 -112 54
87 -60 -85 135 -60 -60 -85 54 -103 54 100 -60 -60 -85 54 -105 54 100 -60 -60
-85 54 -112 54 -105 54 93 -60 -60 -85 54 91 -60 -60 -85 54 -103 54 91 -60
-60 -85 83 -60 -60 -85 54 -121 54 -134 54 80 -60 -60 -86 54 -134 54 -134 54
104 -60 -60 -121 87 -60 -60 -85 135 -60 -60 -85 54 -103 54 -112 54 93 -60 -60
54 -134 54 80 -60 -60 -86 54 -134 54 -134 54 104 -60 -60 -121 87 -60 -60 -85
54 -134 54 104 -60 -60 -121 87 -60 -60 -85 135 -60 -60 -85 54 -103 54 -112 54
54 -134 54 -134 54 -134 54 -134 54 104 -60 -60 -121 87 -60 -60 -85 135 -60 -60
54 -134 54 80 -60 -60 -86 54 -134 54 -134 54 104 -60 -60 -121 87 -60 -60 -85
54 -134 54 -134 54 -134 54 104 -60 -60 -121 87 -60 -60 -85 135 -60 -60 -85 54
54 -134 54 -134 54 104 -60 -60 -121 87 -60 -60 -85 135 -60 -60 -85 54 -103 54
-134 54 -134 54 104 -60 -60 -121 87 -60 -60 -85 135 -60 -60 -85 54 -103 54 -112
54 -134 54 104 -60 -60 -121 87 -60 -60 -85 135 -60 -60 -85 54 -103 54 -112 54
54 -134 54 104 -60 -60 -121 87 -60 -60 -85 135 -60 -60 -85 54 -103 54 -112 54
54 -134 54 104 -60 -60 -121 87 -60 -60 -85 135 -60 -60 -85 54 -103 54 -112 54
54 -134 54 104 -60 -60 -121 87 -60 -60 -85 135 -60 -60 -85 54 -103 54 -112 54
54 -121 54 -134 54 -134 54 -134 54 -134 54 -134 54 -134 54 -134 54 104 -60 -60
-121 87 -60 -60 -85 135 -60 -60 -85 54 -103 54 -112 54 93 -60 -60 -85 54 80
54 -134 54 104 -60 -60 -121 87 -60 -60 -85 135 -60 -60 -85 54 -103 54 -112 54
54 104 -60 -60 -121 87 -60 -60 -85 135 -60 -60 -85 54 -103 54 100 -60 -60 -85
54 -105 54 100 -60 -60 -85 54 -112 54 93 -60 -60 -105 54 -85 54 91 -60 -60
-85 54 -103 54 91 -60 -60 -85 83 -60 -60 -85 54 -121 54 -134 54 -134 54 -134
54 104 -60 -60 -121 87 -60 -60 -85 135 -60 -60 -85 54 -103 54 -112 54 93 -60
54 104 -60 -60 -121 87 -60 -60 -85 135 -60 -60 -85 54 -103 54 100 -60 -60 -85
54 -105 54 100 -60 -60 -85 54 -112 54 -105 54 93 -60 -60 -85 54 91 -60 -60
-85 54 -103 54 91 -60 -60 -85 83 -60 -60 -85 54 -121 54 -134 54 -134 54 -134
54 104 -60 -60 -121 87 -60 -60 -85 135 -60 -60 -85 54 -103 54 -112 54 93 -60
54 104 -60 -60 -121 87 -60 -60 -85 135 -60 -60 -85 54 -103 54 100 -60 -60 -85
54 -105 54 100 -60 -60 -112 -85 54 54 -105 54 93 -60 -60 -85 54 91 -60 -60
-85 54 -103 54 91 -60 -60 -85 83 -60 -60 -85 54 -121 54 -134 54 -134 54 -134
54 104 -60 -60 -121 87 -60 -60 -85 135 -60 -60 -85 54 -103 54 -112 54 93 -60
-121 87 -60 -60 -85 135 -60 -60 -85 54 -103 54 100 -60 -60 -85 -105 54 54 100
-60 -60 -85 54 -112 54 -105 54 93 -60 -60 -85 54 91 -60 -60 -85 54 -103 54
91 -60 -60 -85 83 -60 -60 -85 54 -121 54 -134 54 -134 54 -134 54 104 -60 -60
-121 87 -60 -60 -85 135 -60 -60 -85 54 -103 54 -112 54 93 -60 -60 -85 54 80
54 -113 54 93 -60 -60 -85 54 -121 54 -134 54 104 -60 -60 -121 87 -60 -60 -85
135 -60 -60 -85 54 -103 54 100 -60 -60 -85 54 -105 54 100 -60 -60 -85 54 -112
54 -105 54 93 -60 -60 -85 54 91 -60 -60 -85 54 -103 54 91 -60 -60 -85 83
-60 -60 -85 54 -121 54 -134 54 -134 54 -134 54 104 -60 -60 -121 87 -60 -60 -85
93 -60 -97 54 -104 54 -113 54 93 -60 -60 -85 54 -121 54 80 -60 -60 -86 54
-134 54 104 -60 -60 -121 54 87 -60 -60 -85 135 -60 -60 -85 54 -103 54 100 -60
-60 -85 54 -105 54 100 -60 -60 -85 -112 54 54 -105 54 93 -60 -60 -85 54 91
-60 -60 -85 54 -103 54 91 -60 -60 -85 83 -60 -60 -85 54 -121 54 -134 54 -134
54 -134 54 104 -60 -60 -121 87 -60 -60 -85 135 -60 -60 -85 54 -103 54 -112 54
87 -60 -85 135 -60 -60 -85 54 -103 54 100 -60 -60 -85 54 -105 54 100 -60 -60
-85 54 -112 54 -105 54 93 -60 -60 -85 54 91 -60 -60 -85 54 -103 54 91 -60
-60 -85 83 -60 -60 -85 54 -121 54 -134 54 80 -60 -60 -86 54 -134 54 -134 54
104 -60 -60 -121 87 -60 -60 -85 135 -60 -60 -85 54 -103 54 -112 54 93 -60 -60
54 -134 54 80 -60 -60 -86 54 -134 54 -134 54 104 -60 -60 -121 87 -60 -60 -85
54 -134 54 104 -60 -60 -121 87 -60 -60 -85 135 -60 -60 -85 54 -103 54 -112 54
54 -134 54 -134 54 -134 54 -134 54 104 -60 -60 -121 87 -60 -60 -85 135 -60 -60
54 -134 54 80 -60 -60 -86 54 -134 54 -134 54 104 -60 -60 -121 87 -60 -60 -85
54 -134 54 -134 54 -134 54 104 -60 -60 -121 87 -60 -60 -85 135 -60 -60 -85 54
54 -134 54 -134 54 104 -60 -60 -121 87 -60 -60 -85 135 -60 -60 -85 54 -103 54
-134 54 -134 54 104 -60 -60 -121 87 -60 -60 -85 135 -60 -60 -85 54 -103 54 -112
54 -134 54 104 -60 -60 -121 87 -60 -60 -85 135 -60 -60 -85 54 -103 54 -112 54
54 -134 54 104 -60 -60 -121 87 -60 -60 -85 135 -60 -60 -85 54 -103 54 -112 54
54 -134 54 104 -60 -60 -121 87 -60 -60 -85 135 -60 -60 -85 54 -103 54 -112 54
54 -134 54 104 -60 -60 -121 87 -60 -60 -85 135 -60 -60 -85 54 -103 54 -112 54
54 -121 54 -134 54 -134 54 -134 54 -134 54 -134 54 -134 54 -134 54 104 -60 -60
-121 87 -60 -60 -85 135 -60 -60 -85 54 -103 54 -112 54 93 -60 -60 -85 54 80
54 -134 54 104 -60 -60 -121 87 -60 -60 -85 135 -60 -60 -85 54 -103 54 -112 54
54 104 -60 -60 -121 87 -60 -60 -85 135 -60 -60 -85 54 -103 54 100 -60 -60 -85
54 -105 54 100 -60 -60 -85 54 -112 54 93 -60 -60 -105 54 -85 54 91 -60 -60
-85 54 -103 54 91 -60 -60 -85 83 -60 -60 -85 54 -121 54 -134 54 -134 54 -134
54 104 -60 -60 -121 87 -60 -60 -85 135 -60 -60 -85 54 -103 54 -112 54 93 -60
54 104 -60 -60 -121 87 -60 -60 -85 135 -60 -60 -85 54 -103 54 100 -60 -60 -85
54 -105 54 100 -60 -60 -85 54 -112 54 -105 54 93 -60 -60 -85 54 91 -60 -60
-85 54 -103 54 91 -60 -60 -85 83 -60 -60 -85 54 -121 54 -134 54 -134 54 -134
54 104 -60 -60 -121 87 -60 -60 -85 135 -60 -60 -85 54 -103 54 -112 54 93 -60
54 104 -60 -60 -121 87 -60 -60 -85 135 -60 -60 -85 54 -103 54 100 -60 -60 -85
54 -105 54 100 -60 -60 -112 -85 54 54 -105 54 93 -60 -60 -85 54 91 -60 -60
-85 54 -103 54 91 -60 -60 -85 83 -60 -60 -85 54 -121 54 -134 54 -134 54 -134
54 104 -60 -60 -121 87 -60 -60 -85 135 -60 -60 -85 54 -103 54 -112 54 93 -60
-121 87 -60 -60 -85 135 -60 -60 -85 54 -103 54 100 -60 -60 -85 -105 54 54 100
-60 -60 -85 54 -112 54 -105 54 93 -60 -60 -85 54 91 -60 -60 -85 54 -103 54
91 -60 -60 -85 83 -60 -60 -85 54 -121 54 -134 54 -134 54 -134 54 104 -60 -60
-121 87 -60 -60 -85 135 -60 -60 -85 54 -103 54 -112 54 93 -60 -60 -85 54 80
54 -113 54 93 -60 -60 -85 54 -121 54 -134 54 104 -60 -60 -121 87 -60 -60 -85
135 -60 -60 -85 54 -103 54 100 -60 -60 -85 54 -105 54 100 -60 -60 -85 54 -112
54 -105 54 93 -60 -60 -85 54 91 -60 -60 -85 54 -103 54 91 -60 -60 -85 83
-60 -60 -85 54 -121 54 -134 54 -134 54 -134 54 104 -60 -60 -121 87 -60 -60 -85
93 -60 -97 54 -104 54 -113 54 93 -60 -60 -85 54 -121 54 80 -60 -60 -86 54
-134 54 104 -60 -60 -121 54 87 -60 -60 -85 135 -60 -60 -85 54 -103 54 100 -60
-60 -85 54 -105 54 100 -60 -60 -85 -112 54 54 -105 54 93 -60 -60 -85 54 91
-60 -60 -85 54 -103 54 91 -60 -60 -85 83 -60 -60 -85 54 -121 54 -134 54 -134
54 -134 54 104 -60 -60 -121 87 -60 -60 -85 135 -60 -60 -85 54 -103 54 -112 54
87 -60 -85 135 -60 -60 -85 54 -103 54 100 -60 -60 -85 54 -105 54 100 -60 -60
-85 54 -112 54 -105 54 93 -60 -60 -85 54 91 -60 -60 -85 54 -103 54 91 -60
-60 -85 83 -60 -60 -85 54 -121 54 -134 54 80 -60 -60 -86 54 -134 54 -134 54
104 -60 -60 -121 87 -60 -60 -85 135 -60 -60 -85 54 -103 54 -112 54 93 -60 -60
54 -134 54 80 -60 -60 -86 54 -134 54 -134 54 104 -60 -60 -121 87 -60 -60 -85
54 -134 54 104 -60 -60 -121 87 -60 -60 -85 135 -60 -60 -85 54 -103 54 -112 54
54 -134 54 -134 54 -134 54 -134 54 104 -60 -60 -121 87 -60 -60 -85 135 -60 -60
54 -134 54 80 -60 -60 -86 54 -134 54 -134 54 104 -60 -60 -121 87 -60 -60 -85
54 -134 54 -134 54 -134 54 104 -60 -60 -121 87 -60 -60 -85 135 -60 -60 -85 54
54 -134 54 -134 54 104 -60 -60 -121 87 -60 -60 -85 135 -60 -60 -85 54 -103 54
-134 54 -134 54 104 -60 -60 -121 87 -60 -60 -85 135 -60 -60 -85 54 -103 54 -112
54 -134 54 104 -60 -60 -121 87 -60 -60 -85 135 -60 -60 -85 54 -103 54 -112 54
54 -134 54 104 -60 -60 -121 87 -60 -60 -85 135 -60 -60 -85 54 -103 54 -112 54
54 -134 54 104 -60 -60 -121 87 -60 -60 -85 135 -60 -60 -85 54 -103 54 -112 54
54 -134 54 104 -60 -60 -121 87 -60 -60 -85 135 -60 -60 -85 54 -103 54 -112 54
54 -121 54 -134 54 -134 54 -134 54 -134 54 -134 54 -134 54 -134 54 104 -60 -60
-121 87 -60 -60 -85 135 -60 -60 -85 54 -103 54 -112 54 93 -60 -60 -85 54 80
54 -134 54 104 -60 -60 -121 87 -60 -60 -85 135 -60 -60 -85 54 -103 54 -112 54
54 104 -60 -60 -121 87 -60 -60 -85 135 -60 -60 -85 54 -103 54 100 -60 -60 -85
54 -105 54 100 -60 -60 -85 54 -112 54 93 -60 -60 -105 54 -85 54 91 -60 -60
-85 54 -103 54 91 -60 -60 -85 83 -60 -60 -85 54 -121 54 -134 54 -134 54 -134
54 104 -60 -60 -121 87 -60 -60 -85 135 -60 -60 -85 54 -103 54 -112 54 93 -60
54 104 -60 -60 -121 87 -60 -60 -85 135 -60 -60 -85 54 -103 54 100 -60 -60 -85
54 -105 54 100 -60 -60 -85 54 -112 54 -105 54 93 -60 -60 -85 54 91 -60 -60
-85 54 -103 54 91 -60 -60 -85 83 -60 -60 -85 54 -121 54 -134 54 -134 54 -134
54 104 -60 -60 -121 87 -60 -60 -85 135 -60 -60 -85 54 -103 54 -112 54 93 -60
54 104 -60 -60 -121 87 -60 -60 -85 135 -60 -60 -85 54 -103 54 100 -60 -60 -85
54 -105 54 100 -60 -60 -112 -85 54 54 -105 54 93 -60 -60 -85 54 91 -60 -60
-85 54 -103 54 91 -60 -60 -85 83 -60 -60 -85 54 -121 54 -134 54 -134 54 -134
54 104 -60 -60 -121 87 -60 -60 -85 135 -60 -60 -85 54 -103 54 -112 54 93 -60
-121 87 -60 -60 -85 135 -60 -60 -85 54 -103 54 100 -60 -60 -85 -105 54 54 100
-60 -60 -85 54 -112 54 -105 54 93 -60 -60 -85 54 91 -60 -60 -85 54 -103 54
91 -60 -60 -85 83 -60 -60 -85 54 -121 54 -134 54 -134 54 -134 54 104 -60 -60
-121 87 -60 -60 -85 135 -60 -60 -85 54 -103 54 -112 54 93 -60 -60 -85 54 80
54 -113 54 93 -60 -60 -85 54 -121 54 -134 54 104 -60 -60 -121 87 -60 -60 -85
135 -60 -60 -85 54 -103 54 100 -60 -60 -85 54 -105 54 100 -60 -60 -85 54 -112
54 -105 54 93 -60 -60 -85 54 91 -60 -60 -85 54 -103 54 91 -60 -60 -85 83
-60 -60 -85 54 -121 54 -134 54 -134 54 -134 54 104 -60 -60 -121 87 -60 -60 -85
93 -60 -97 54 -104 54 -113 54 93 -60 -60 -85 54 -121 54 80 -60 -60 -86 54
-134 54 104 -60 -60 -121 54 87 -60 -60 -85 135 -60 -60 -85 54 -103 54 100 -60
-60 -85 54 -105 54 100 -60 -60 -85 -112 54 54 -105 54 93 -60 -60 -85 54 91
-60 -60 -85 54 -103 54 91 -60 -60 -85 83 -60 -60 -85 54 -121 54 -134 54 -134
54 -134 54 104 -60 -60 -121 87 -60 -60 -85 135 -60 -60 -85 54 -103 54 -112 54
87 -60 -85 135 -60 -60 -85 54 -103 54 100 -60 -60 -85 54 -105 54 100 -60 -60
-85 54 -112 54 -105 54 93 -60 -60 -85 54 91 -60 -60 -85 54 -103 54 91 -60
-60 -85 83 -60 -60 -85 54 -121 54 -134 54 80 -60 -60 -86 54 -134 54 -134 54
104 -60 -60 -121 87 -60 -60 -85 135 -60 -60 -85 54 -103 54 -112 54 93 -60 -60
54 -134 54 80 -60 -60 -86 54 -134 54 -134 54 104 -60 -60 -121 87 -60 -60 -85
54 -134 54 104 -60 -60 -121 87 -60 -60 -85 135 -60 -60 -85 54 -103 54 -112 54
54 -134 54 -134 54 -134 54 -134 54 104 -60 -60 -121 87 -60 -60 -85 135 -60 -60
54 -134 54 80 -60 -60 -86 54 -134 54 -134 54 104 -60 -60 -121 87 -60 -60 -85
54 -134 54 -134 54 -134 54 104 -60 -60 -121 87 -60 -60 -85 135 -60 -60 -85 54
54 -134 54 -134 54 104 -60 -60 -121 87 -60 -60 -85 135 -60 -60 -85 54 -103 54
-134 54 -134 54 104 -60 -60 -121 87 -60 -60 -85 135 -60 -60 -85 54 -103 54 -112
54 -134 54 104 -60 -60 -121 87 -60 -60 -85 135 -60 -60 -85 54 -103 54 -112 54
54 -134 54 104 -60 -60 -121 87 -60 -60 -85 135 -60 -60 -85 54 -103 54 -112 54
54 -134 54 104 -60 -60 -121 87 -60 -60 -85 135 -60 -60 -85 54 -103 54 -112 54
54 -134 54 104 -60 -60 -121 87 -60 -60 -85 135 -60 -60 -85 54 -103 54 -112 54
54 -121 54 -134 54 -134 54 -134 54 -134 54 -134 54 -134 54 -134 54 104 -60 -60
-121 87 -60 -60 -85 135 -60 -60 -85 54 -103 54 -112 54 93 -60 -60 -85 54 80
54 -134 54 104 -60 -60 -121 87 -60 -60 -85 135 -60 -60 -85 54 -103 54 -112 54
54 104 -60 -60 -121 87 -60 -60 -85 135 -60 -60 -85 54 -103 54 100 -60 -60 -85
54 -105 54 100 -60 -60 -85 54 -112 54 93 -60 -60 -105 54 -85 54 91 -60 -60
-85 54 -103 54 91 -60 -60 -85 83 -60 -60 -85 54 -121 54 -134 54 -134 54 -134
54 104 -60 -60 -121 87 -60 -60 -85 135 -60 -60 -85 54 -103 54 -112 54 93 -60
54 104 -60 -60 -121 87 -60 -60 -85 135 -60 -60 -85 54 -103 54 100 -60 -60 -85
54 -105 54 100 -60 -60 -85 54 -112 54 -105 54 93 -60 -60 -85 54 91 -60 -60
-85 54 -103 54 91 -60 -60 -85 83 -60 -60 -85 54 -121 54 -134 54 -134 54 -134
54 104 -60 -60 -121 87 -60 -60 -85 135 -60 -60 -85 54 -103 54 -112 54 93 -60
54 104 -60 -60 -121 87 -60 -60 -85 135 -60 -60 -85 54 -103 54 100 -60 -60 -85
54 -105 54 100 -60 -60 -112 -85 54 54 -105 54 93 -60 -60 -85 54 91 -60 -60
-85 54 -103 54 91 -60 -60 -85 83 -60 -60 -85 54 -121 54 -134 54 -134 54 -134
54 104 -60 -60 -121 87 -60 -60 -85 135 -60 -60 -85 54 -103 54 -112 54 93 -60
-121 87 -60 -60 -85 135 -60 -60 -85 54 -103 54 100 -60 -60 -85 -105 54 54 100
-60 -60 -85 54 -112 54 -105 54 93 -60 -60 -85 54 91 -60 -60 -85 54 -103 54
91 -60 -60 -85 83 -60 -60 -85 54 -121 54 -134 54 -134 54 -134 54 104 -60 -60
-121 87 -60 -60 -85 135 -60 -60 -85 54 -103 54 -112 54 93 -60 -60 -85 54 80
54 -113 54 93 -60 -60 -85 54 -121 54 -134 54 104 -60 -60 -121 87 -60 -60 -85
135 -60 -60 -85 54 -103 54 100 -60 -60 -85 54 -105 54 100 -60 -60 -85 54 -112
54 -105 54 93 -60 -60 -85 54 91 -60 -60 -85 54 -103 54 91 -60 -60 -85 83
-60 -60 -85 54 -121 54 -134 54 -134 54 -134 54 104 -60 -60 -121 87 -60 -60 -85
93 -60 -97 54 -104 54 -113 54 93 -60 -60 -85 54 -121 54 80 -60 -60 -86 54
-134 54 104 -60 -60 -121 54 87 -60 -60 -85 135 -60 -60 -85 54 -103 54 100 -60
-60 -85 54 -105 54 100 -60 -60 -85 -112 54 54 -105 54 93 -60 -60 -85 54 91
-60 -60 -85 54 -103 54 91 -60 -60 -85 83 -60 -60 -85 54 -121 54 -134 54 -134
54 -134 54 104 -60 -60 -121 87 -60 -60 -85 135 -60 -60 -85 54 -103 54 -112 54
87 -60 -85 135 -60 -60 -85 54 -103 54 100 -60 -60 -85 54 -105 54 100 -60 -60
-85 54 -112 54 -105 54 93 -60 -60 -85 54 91 -60 -60 -85 54 -103 54 91 -60
-60 -85 83 -60 -60 -85 54 -121 54 -134 54 80 -60 -60 -86 54 -134 54 -134 54
104 -60 -60 -121 87 -60 -60 -85 135 -60 -60 -85 54 -103 54 -112 54 93 -60 -60
54 -134 54 80 -60 -60 -86 54 -134 54 -134 54 104 -60 -60 -121 87 -60 -60 -85
54 -134 54 104 -60 -60 -121 87 -60 -60 -85 135 -60 -60 -85 54 -103 54 -112 54
54 -134 54 -134 54 -134 54 -134 54 104 -60 -60 -121 87 -60 -60 -85 135 -60 -60
54 -134 54 80 -60 -60 -86 54 -134 54 -134 54 104 -60 -60 -121 87 -60 -60 -85
54 -134 54 -134 54 -134 54 104 -60 -60 -121 87 -60 -60 -85 135 -60 -60 -85 54
54 -134 54 -134 54 104 -60 -60 -121 87 -60 -60 -85 135 -60 -60 -85 54 -103 54
-134 54 -134 54 104 -60 -60 -121 87 -60 -60 -85 135 -60 -60 -85 54 -103 54 -112
54 -134 54 104 -60 -60 -121 87 -60 -60 -85 135 -60 -60 -85 54 -103 54 -112 54
54 -134 54 104 -60 -60 -121 87 -60 -60 -85 135 -60 -60 -85 54 -103 54 -112 54
54 -134 54 104 -60 -60 -121 87 -60 -60 -85 135 -60 -60 -85 54 -103 54 -112 54
54 -134 54 104 -60 -60 -121 87 -60 -60 -85 135 -60 -60 -85 54 -103 54 -112 54
54 -121 54 -134 54 -134 54 -134 54 -134 54 -134 54 -134 54 -134 54 104 -60 -60
-121 87 -60 -60 -85 135 -60 -60 -85 54 -103 54 -112 54 93 -60 -60 -85 54 80
54 -134 54 104 -60 -60 -121 87 -60 -60 -85 135 -60 -60 -85 54 -103 54 -112 54
54 104 -60 -60 -121 87 -60 -60 -85 135 -60 -60 -85 54 -103 54 100 -60 -60 -85
54 -105 54 100 -60 -60 -85 54 -112 54 93 -60 -60 -105 54 -85 54 91 -60 -60
-85 54 -103 54 91 -60 -60 -85 83 -60 -60 -85 54 -121 54 -134 54 -134 54 -134
54 104 -60 -60 -121 87 -60 -60 -85 135 -60 -60 -85 54 -103 54 -112 54 93 -60
54 104 -60 -60 -121 87 -60 -60 -85 135 -60 -60 -85 54 -103 54 100 -60 -60 -85
54 -105 54 100 -60 -60 -85 54 -112 54 -105 54 93 -60 -60 -85 54 91 -60 -60
-85 54 -103 54 91 -60 -60 -85 83 -60 -60 -85 54 -121 54 -134 54 -134 54 -134
54 104 -60 -60 -121 87 -60 -60 -85 135 -60 -60 -85 54 -103 54 -112 54 93 -60
54 104 -60 -60 -121 87 -60 -60 -85 135 -60 -60 -85 54 -103 54 100 -60 -60 -85
54 -105 54 100 -60 -60 -112 -85 54 54 -105 54 93 -60 -60 -85 54 91 -60 -60
-85 54 -103 54 91 -60 -60 -85 83 -60 -60 -85 54 -121 54 -134 54 -134 54 -134
54 104 -60 -60 -121 87 -60 -60 -85 135 -60 -60 -85 54 -103 54 -112 54 93 -60
-121 87 -60 -60 -85 135 -60 -60 -85 54 -103 54 100 -60 -60 -85 -105 54 54 100
-60 -60 -85 54 -112 54 -105 54 93 -60 -60 -85 54 91 -60 -60 -85 54 -103 54
91 -60 -60 -85 83 -60 -60 -85 54 -121 54 -134 54 -134 54 -134 54 104 -60 -60
-121 87 -60 -60 -85 135 -60 -60 -85 54 -103 54 -112 54 93 -60 -60 -85 54 80
54 -113 54 93 -60 -60 -85 54 -121 54 -134 54 104 -60 -60 -121 87 -60 -60 -85
135 -60 -60 -85 54 -103 54 100 -60 -60 -85 54 -105 54 100 -60 -60 -85 54 -112
54 -105 54 93 -60 -60 -85 54 91 -60 -60 -85 54 -103 54 91 -60 -60 -85 83
-60 -60 -85 54 -121 54 -134 54 -134 54 -134 54 104 -60 -60 -121 87 -60 -60 -85
93 -60 -97 54 -104 54 -113 54 93 -60 -60 -85 54 -121 54 80 -60 -60 -86 54
-134 54 104 -60 -60 -121 54 87 -60 -60 -85 135 -60 -60 -85 54 -103 54 100 -60
-60 -85 54 -105 54 100 -60 -60 -85 -112 54 54 -105 54 93 -60 -60 -85 54 91
-60 -60 -85 54 -103 54 91 -60 -60 -85 83 -60 -60 -85 54 -121 54 -134 54 -134
54 -134 54 104 -60 -60 -121 87 -60 -60 -85 135 -60 -60 -85 54 -103 54 -112 54
87 -60 -85 135 -60 -60 -85 54 -103 54 100 -60 -60 -85 54 -105 54 100 -60 -60
-85 54 -112 54 -105 54 93 -60 -60 -85 54 91 -60 -60 -85 54 -103 54 91 -60
-60 -85 83 -60 -60 -85 54 -121 54 -134 54 80 -60 -60 -86 54 -134 54 -134 54
104 -60 -60 -121 87 -60 -60 -85 135 -60 -60 -85 54 -103 54 -112 54 93 -60 -60
54 -134 54 80 -60 -60 -86 54 -134 54 -134 54 104 -60 -60 -121 87 -60 -60 -85
54 -134 54 104 -60 -60 -121 87 -60 -60 -85 135 -60 -60 -85 54 -103 54 -112 54
54 -134 54 -134 54 -134 54 -134 54 104 -60 -60 -121 87 -60 -60 -85 135 -60 -60
54 -134 54 80 -60 -60 -86 54 -134 54 -134 54 104 -60 -60 -121 87 -60 -60 -85
54 -134 54 -134 54 -134 54 104 -60 -60 -121 87 -60 -60 -85 135 -60 -60 -85 54
54 -134 54 -134 54 104 -60 -60 -121 87 -60 -60 -85 135 -60 -60 -85 54 -103 54
-134 54 -134 54 104 -60 -60 -121 87 -60 -60 -85 135 -60 -60 -85 54 -103 54 -112
54 -134 54 104 -60 -60 -121 87 -60 -60 -85 135 -60 -60 -85 54 -103 54 -112 54
54 -134 54 104 -60 -60 -121 87 -60 -60 -85 135 -60 -60 -85 54 -103 54 -112 54
54 -134 54 104 -60 -60 -121 87 -60 -60 -85 135 -60 -60 -85 54 -103 54 -112 54
54 -134 54 104 -60 -60 -121 87 -60 -60 -85 135 -60 -60 -85 54 -103 54 -112 54
54 -121 54 -134 54 -134 54 -134 54 -134 54 -134 54 -134 54 -134 54 104 -60 -60
-121 87 -60 -60 -85 135 -60 -60 -85 54 -103 54 -112 54 93 -60 -60 -85 54 80
54 -134 54 104 -60 -60 -121 87 -60 -60 -85 135 -60 -60 -85 54 -103 54 -112 54
54 104 -60 -60 -121 87 -60 -60 -85 135 -60 -60 -85 54 -103 54 100 -60 -60 -85
54 -105 54 100 -60 -60 -85 54 -112 54 93 -60 -60 -105 54 -85 54 91 -60 -60
-85 54 -103 54 91 -60 -60 -85 83 -60 -60 -85 54 -121 54 -134 54 -134 54 -134
54 104 -60 -60 -121 87 -60 -60 -85 135 -60 -60 -85 54 -103 54 -112 54 93 -60
54 104 -60 -60 -121 87 -60 -60 -85 135 -60 -60 -85 54 -103 54 100 -60 -60 -85
54 -105 54 100 -60 -60 -85 54 -112 54 -105 54 93 -60 -60 -85 54 91 -60 -60
-85 54 -103 54 91 -60 -60 -85 83 -60 -60 -85 54 -121 54 -134 54 -134 54 -134
54 104 -60 -60 -121 87 -60 -60 -85 135 -60 -60 -85 54 -103 54 -112 54 93 -60
54 104 -60 -60 -121 87 -60 -60 -85 135 -60 -60 -85 54 -103 54 100 -60 -60 -85
54 -105 54 100 -60 -60 -112 -85 54 54 -105 54 93 -60 -60 -85 54 91 -60 -60
-85 54 -103 54 91 -60 -60 -85 83 -60 -60 -85 54 -121 54 -134 54 -134 54 -134
54 104 -60 -60 -121 87 -60 -60 -85 135 -60 -60 -85 54 -103 54 -112 54 93 -60
-121 87 -60 -60 -85 135 -60 -60 -85 54 -103 54 100 -60 -60 -85 -105 54 54 100
-60 -60 -85 54 -112 54 -105 54 93 -60 -60 -85 54 91 -60 -60 -85 54 -103 54
91 -60 -60 -85 83 -60 -60 -85 54 -121 54 -134 54 -134 54 -134 54 104 -60 -60
-121 87 -60 -60 -85 135 -60 -60 -85 54 -103 54 -112 54 93 -60 -60 -85 54 80
54 -113 54 93 -60 -60 -85 54 -121 54 -134 54 104 -60 -60 -121 87 -60 -60 -85
135 -60 -60 -85 54 -103 54 100 -60 -60 -85 54 -105 54 100 -60 -60 -85 54 -112
54 -105 54 93 -60 -60 -85 54 91 -60 -60 -85 54 -103 54 91 -60 -60 -85 83
-60 -60 -85 54 -121 54 -134 54 -134 54 -134 54 104 -60 -60 -121 87 -60 -60 -85
93 -60 -97 54 -104 54 -113 54 93 -60 -60 -85 54 -121 54 80 -60 -60 -86 54
-134 54 104 -60 -60 -121 54 87 -60 -60 -85 135 -60 -60 -85 54 -103 54 100 -60
-60 -85 54 -105 54 100 -60 -60 -85 -112 54 54 -105 54 93 -60 -60 -85 54 91
-60 -60 -85 54 -103 54 91 -60 -60 -85 83 -60 -60 -85 54 -121 54 -134 54 -134
54 -134 54 104 -60 -60 -121 87 -60 -60 -85 135 -60 -60 -85 54 -103 54 -112 54
87 -60 -85 135 -60 -60 -85 54 -103 54 100 -60 -60 -85 54 -105 54 100 -60 -60
-85 54 -112 54 -105 54 93 -60 -60 -85 54 91 -60 -60 -85 54 -103 54 91 -60
-60 -85 83 -60 -60 -85 54 -121 54 -134 54 80 -60 -60 -86 54 -134 54 -134 54
104 -60 -60 -121 87 -60 -60 -85 135 -60 -60 -85 54 -103 54 -112 54 93 -60 -60
54 -134 54 80 -60 -60 -86 54 -134 54 -134 54 104 -60 -60 -121 87 -60 -60 -85
54 -134 54 104 -60 -60 -121 87 -60 -60 -85 135 -60 -60 -85 54 -103 54 -112 54
54 -134 54 -134 54 -134 54 -134 54 104 -60 -60 -121 87 -60 -60 -85 135 -60 -60
54 -134 54 80 -60 -60 -86 54 -134 54 -134 54 104 -60 -60 -121 87 -60 -60 -85
54 -134 54 -134 54 -134 54 104 -60 -60 -121 87 -60 -60 -85 135 -60 -60 -85 54
54 -134 54 -134 54 104 -60 -60 -121 87 -60 -60 -85 135 -60 -60 -85 54 -103 54
-134 54 -134 54 104 -60 -60 -121 87 -60 -60 -85 135 -60 -60 -85 54 -103 54 -112
54 -134 54 104 -60 -60 -121 87 -60 -60 -85 135 -60 -60 -85 54 -103 54 -112 54
54 -134 54 104 -60 -60 -121 87 -60 -60 -85 135 -60 -60 -85 54 -103 54 -112 54
54 -134 54 104 -60 -60 -121 87 -60 -60 -85 135 -60 -60 -85 54 -103 54 -112 54
54 -134 54 104 -60 -60 -121 87 -60 -60 -85 135 -60 -60 -85 54 -103 54 -112 54
54 -121 54 -134 54 -134 54 -134 54 -134 54 -134 54 -134 54 -134 54 104 -60 -60
-121 87 -60 -60 -85 135 -60 -60 -85 54 -103 54 -112 54 93 -60 -60 -85 54 80
54 -134 54 104 -60 -60 -121 87 -60 -60 -85 135 -60 -60 -85 54 -103 54 -112 54
54 104 -60 -60 -121 87 -60 -60 -85 135 -60 -60 -85 54 -103 54 100 -60 -60 -85
54 -105 54 100 -60 -60 -85 54 -112 54 93 -60 -60 -105 54 -85 54 91 -60 -60
-85 54 -103 54 91 -60 -60 -85 83 -60 -60 -85 54 -121 54 -134 54 -134 54 -134
54 104 -60 -60 -121 87 -60 -60 -85 135 -60 -60 -85 54 -103 54 -112 54 93 -60
54 104 -60 -60 -121 87 -60 -60 -85 135 -60 -60 -85 54 -103 54 100 -60 -60 -85
54 -105 54 100 -60 -60 -85 54 -112 54 -105 54 93 -60 -60 -85 54 91 -60 -60
-85 54 -103 54 91 -60 -60 -85 83 -60 -60 -85 54 -121 54 -134 54 -134 54 -134
54 104 -60 -60 -121 87 -60 -60 -85 135 -60 -60 -85 54 -103 54 -112 54 93 -60
54 104 -60 -60 -121 87 -60 -60 -85 135 -60 -60 -85 54 -103 54 100 -60 -60 -85
54 -105 54 100 -60 -60 -112 -85 54 54 -105 54 93 -60 -60 -85 54 91 -60 -60
-85 54 -103 54 91 -60 -60 -85 83 -60 -60 -85 54 -121 54 -134 54 -134 54 -134
54 104 -60 -60 -121 87 -60 -60 -85 135 -60 -60 -85 54 -103 54 -112 54 93 -60
-121 87 -60 -60 -85 135 -60 -60 -85 54 -103 54 100 -60 -60 -85 -105 54 54 100
-60 -60 -85 54 -112 54 -105 54 93 -60 -60 -85 54 91 -60 -60 -85 54 -103 54
91 -60 -60 -85 83 -60 -60 -85 54 -121 54 -134 54 -134 54 -134 54 104 -60 -60
-121 87 -60 -60 -85 135 -60 -60 -85 54 -103 54 -112 54 93 -60 -60 -85 54 80
54 -113 54 93 -60 -60 -85 54 -121 54 -134 54 104 -60 -60 -121 87 -60 -60 -85
135 -60 -60 -85 54 -103 54 100 -60 -60 -85 54 -105 54 100 -60 -60 -85 54 -112
54 -105 54 93 -60 -60 -85 54 91 -60 -60 -85 54 -103 54 91 -60 -60 -85 83
-60 -60 -85 54 -121 54 -134 54 -134 54 -134 54 104 -60 -60 -121 87 -60 -60 -85
93 -60 -97 54 -104 54 -113 54 93 -60 -60 -85 54 -121 54 80 -60 -60 -86 54
-134 54 104 -60 -60 -121 54 87 -60 -60 -85 135 -60 -60 -85 54 -103 54 100 -60
-60 -85 54 -105 54 100 -60 -60 -85 -112 54 54 -105 54 93 -60 -60 -85 54 91
-60 -60 -85 54 -103 54 91 -60 -60 -85 83 -60 -60 -85 54 -121 54 -134 54 -134
54 -134 54 104 -60 -60 -121 87 -60 -60 -85 135 -60 -60 -85 54 -103 54 -112 54
87 -60 -85 135 -60 -60 -85 54 -103 54 100 -60 -60 -85 54 -105 54 100 -60 -60
-85 54 -112 54 -105 54 93 -60 -60 -85 54 91 -60 -60 -85 54 -103 54 91 -60
-60 -85 83 -60 -60 -85 54 -121 54 -134 54 80 -60 -60 -86 54 -134 54 -134 54
104 -60 -60 -121 87 -60 -60 -85 135 -60 -60 -85 54 -103 54 -112 54 93 -60 -60
54 -134 54 80 -60 -60 -86 54 -134 54 -134 54 104 -60 -60 -121 87 -60 -60 -85
54 -134 54 104 -60 -60 -121 87 -60 -60 -85 135 -60 -60 -85 54 -103 54 -112 54
54 -134 54 -134 54 -134 54 -134 54 104 -60 -60 -121 87 -60 -60 -85 135 -60 -60
54 -134 54 80 -60 -60 -86 54 -134 54 -134 54 104 -60 -60 -121 87 -60 -60 -85
54 -134 54 -134 54 -134 54 104 -60 -60 -121 87 -60 -60 -85 135 -60 -60 -85 54
54 -134 54 -134 54 104 -60 -60 -121 87 -60 -60 -85 135 -60 -60 -85 54 -103 54
-134 54 -134 54 104 -60 -60 -121 87 -60 -60 -85 135 -60 -60 -85 54 -103 54 -112
54 -134 54 104 -60 -60 -121 87 -60 -60 -85 135 -60 -60 -85 54 -103 54 -112 54
54 -134 54 104 -60 -60 -121 87 -60 -60 -85 135 -60 -60 -85 54 -103 54 -112 54
54 -134 54 104 -60 -60 -121 87 -60 -60 -85 135 -60 -60 -85 54 -103 54 -112 54
54 -134 54 104 -60 -60 -121 87 -60 -60 -85 135 -60 -60 -85 54 -103 54 -112 54
54 -121 54 -134 54 -134 54 -134 54 -134 54 -134 54 -134 54 -134 54 104 -60 -60
-121 87 -60 -60 -85 135 -60 -60 -85 54 -103 54 -112 54 93 -60 -60 -85 54 80
54 -134 54 104 -60 -60 -121 87 -60 -60 -85 135 -60 -60 -85 54 -103 54 -112 54
54 104 -60 -60 -121 87 -60 -60 -85 135 -60 -60 -85 54 -103 54 100 -60 -60 -85
54 -105 54 100 -60 -60 -85 54 -112 54 93 -60 -60 -105 54 -85 54 91 -60 -60
-85 54 -103 54 91 -60 -60 -85 83 -60 -60 -85 54 -121 54 -134 54 -134 54 -134
54 104 -60 -60 -121 87 -60 -60 -85 135 -60 -60 -85 54 -103 54 -112 54 93 -60
54 104 -60 -60 -121 87 -60 -60 -85 135 -60 -60 -85 54 -103 54 100 -60 -60 -85
54 -105 54 100 -60 -60 -85 54 -112 54 -105 54 93 -60 -60 -85 54 91 -60 -60
-85 54 -103 54 91 -60 -60 -85 83 -60 -60 -85 54 -121 54 -134 54 -134 54 -134
54 104 -60 -60 -121 87 -60 -60 -85 135 -60 -60 -85 54 -103 54 -112 54 93 -60
54 104 -60 -60 -121 87 -60 -60 -85 135 -60 -60 -85 54 -103 54 100 -60 -60 -85
54 -105 54 100 -60 -60 -112 -85 54 54 -105 54 93 -60 -60 -85 54 91 -60 -60
-85 54 -103 54 91 -60 -60 -85 83 -60 -60 -85 54 -121 54 -134 54 -134 54 -134
54 104 -60 -60 -121 87 -60 -60 -85 135 -60 -60 -85 54 -103 54 -112 54 93 -60
-121 87 -60 -60 -85 135 -60 -60 -85 54 -103 54 100 -60 -60 -85 -105 54 54 100
-60 -60 -85 54 -112 54 -105 54 93 -60 -60 -85 54 91 -60 -60 -85 54 -103 54
91 -60 -60 -85 83 -60 -60 -85 54 -121 54 -134 54 -134 54 -134 54 104 -60 -60
-121 87 -60 -60 -85 135 -60 -60 -85 54 -103 54 -112 54 93 -60 -60 -85 54 80
54 -113 54 93 -60 -60 -85 54 -121 54 -134 54 104 -60 -60 -121 87 -60 -60 -85
135 -60 -60 -85 54 -103 54 100 -60 -60 -85 54 -105 54 100 -60 -60 -85 54 -112
54 -105 54 93 -60 -60 -85 54 91 -60 -60 -85 54 -103 54 91 -60 -60 -85 83
-60 -60 -85 54 -121 54 -134 54 -134 54 -134 54 104 -60 -60 -121 87 -60 -60 -85
93 -60 -97 54 -104 54 -113 54 93 -60 -60 -85 54 -121 54 80 -60 -60 -86 54
-134 54 104 -60 -60 -121 54 87 -60 -60 -85 135 -60 -60 -85 54 -103 54 100 -60
-60 -85 54 -105 54 100 -60 -60 -85 -112 54 54 -105 54 93 -60 -60 -85 54 91
-60 -60 -85 54 -103 54 91 -60 -60 -85 83 -60 -60 -85 54 -121 54 -134 54 -134
54 -134 54 104 -60 -60 -121 87 -60 -60 -85 135 -60 -60 -85 54 -103 54 -112 54
87 -60 -85 135 -60 -60 -85 54 -103 54 100 -60 -60 -85 54 -105 54 100 -60 -60
-85 54 -112 54 -105 54 93 -60 -60 -85 54 91 -60 -60 -85 54 -103 54 91 -60
-60 -85 83 -60 -60 -85 54 -121 54 -134 54 80 -60 -60 -86 54 -134 54 -134 54
104 -60 -60 -121 87 -60 -60 -85 135 -60 -60 -85 54 -103 54 -112 54 93 -60 -60
54 -134 54 80 -60 -60 -86 54 -134 54 -134 54 104 -60 -60 -121 87 -60 -60 -85
54 -134 54 104 -60 -60 -121 87 -60 -60 -85 135 -60 -60 -85 54 -103 54 -112 54
54 -134 54 -134 54 -134 54 -134 54 104 -60 -60 -121 87 -60 -60 -85 135 -60 -60
54 -134 54 80 -60 -60 -86 54 -134 54 -134 54 104 -60 -60 -121 87 -60 -60 -85
54 -134 54 -134 54 -134 54 104 -60 -60 -121 87 -60 -60 -85 135 -60 -60 -85 54
54 -134 54 -134 54 104 -60 -60 -121 87 -60 -60 -85 135 -60 -60 -85 54 -103 54
-134 54 -134 54 104 -60 -60 -121 87 -60 -60 -85 135 -60 -60 -85 54 -103 54 -112
54 -134 54 104 -60 -60 -121 87 -60 -60 -85 135 -60 -60 -85 54 -103 54 -112 54
54 -134 54 104 -60 -60 -121 87 -60 -60 -85 135 -60 -60 -85 54 -103 54 -112 54
54 -134 54 104 -60 -60 -121 87 -60 -60 -85 135 -60 -60 -85 54 -103 54 -112 54
54 -134 54 104 -60 -60 -121 87 -60 -60 -85 135 -60 -60 -85 54 -103 54 -112 54
54 -121 54 -134 54 -134 54 -134 54 -134 54 -134 54 -134 54 -134 54 104 -60 -60
-121 87 -60 -60 -85 135 -60 -60 -85 54 -103 54 -112 54 93 -60 -60 -85 54 80
54 -134 54 104 -60 -60 -121 87 -60 -60 -85 135 -60 -60 -85 54 -103 54 -112 54
54 104 -60 -60 -121 87 -60 -60 -85 135 -60 -60 -85 54 -103 54 100 -60 -60 -85
54 -105 54 100 -60 -60 -85 54 -112 54 93 -60 -60 -105 54 -85 54 91 -60 -60
-85 54 -103 54 91 -60 -60 -85 83 -60 -60 -85 54 -121 54 -134 54 -134 54 -134
54 104 -60 -60 -121 87 -60 -60 -85 135 -60 -60 -85 54 -103 54 -112 54 93 -60
54 104 -60 -60 -121 87 -60 -60 -85 135 -60 -60 -85 54 -103 54 100 -60 -60 -85
54 -105 54 100 -60 -60 -85 54 -112 54 -105 54 93 -60 -60 -85 54 91 -60 -60
-85 54 -103 54 91 -60 -60 -85 83 -60 -60 -85 54 -121 54 -134 54 -134 54 -134
54 104 -60 -60 -121 87 -60 -60 -85 135 -60 -60 -85 54 -103 54 -112 54 93 -60
54 104 -60 -60 -121 87 -60 -60 -85 135 -60 -60 -85 54 -103 54 100 -60 -60 -85
54 -105 54 100 -60 -60 -112 -85 54 54 -105 54 93 -60 -60 -85 54 91 -60 -60
-85 54 -103 54 91 -60 -60 -85 83 -60 -60 -85 54 -121 54 -134 54 -134 54 -134
54 104 -60 -60 -121 87 -60 -60 -85 135 -60 -60 -85 54 -103 54 -112 54 93 -60
-121 87 -60 -60 -85 135 -60 -60 -85 54 -103 54 100 -60 -60 -85 -105 54 54 100
-60 -60 -85 54 -112 54 -105 54 93 -60 -60 -85 54 91 -60 -60 -85 54 -103 54
91 -60 -60 -85 83 -60 -60 -85 54 -121 54 -134 54 -134 54 -134 54 104 -60 -60
-121 87 -60 -60 -85 135 -60 -60 -85 54 -103 54 -112 54 93 -60 -60 -85 54 80
54 -113 54 93 -60 -60 -85 54 -121 54 -134 54 104 -60 -60 -121 87 -60 -60 -85
135 -60 -60 -85 54 -103 54 100 -60 -60 -85 54 -105 54 100 -60 -60 -85 54 -112
54 -105 54 93 -60 -60 -85 54 91 -60 -60 -85 54 -103 54 91 -60 -60 -85 83
-60 -60 -85 54 -121 54 -134 54 -134 54 -134 54 104 -60 -60 -121 87 -60 -60 -85
93 -60 -97 54 -104 54 -113 54 93 -60 -60 -85 54 -121 54 80 -60 -60 -86 54
-134 54 104 -60 -60 -121 54 87 -60 -60 -85 135 -60 -60 -85 54 -103 54 100 -60
-60 -85 54 -105 54 100 -60 -60 -85 -112 54 54 -105 54 93 -60 -60 -85 54 91
-60 -60 -85 54 -103 54 91 -60 -60 -85 83 -60 -60 -85 54 -121 54 -134 54 -134
54 -134 54 104 -60 -60 -121 87 -60 -60 -85 135 -60 -60 -85 54 -103 54 -112 54
87 -60 -85 135 -60 -60 -85 54 -103 54 100 -60 -60 -85 54 -105 54 100 -60 -60
-85 54 -112 54 -105 54 93 -60 -60 -85 54 91 -60 -60 -85 54 -103 54 91 -60
-60 -85 83 -60 -60 -85 54 -121 54 -134 54 80 -60 -60 -86 54 -134 54 -134 54
104 -60 -60 -121 87 -60 -60 -85 135 -60 -60 -85 54 -103 54 -112 54 93 -60 -60
54 -134 54 80 -60 -60 -86 54 -134 54 -134 54 104 -60 -60 -121 87 -60 -60 -85
54 -134 54 104 -60 -60 -121 87 -60 -60 -85 135 -60 -60 -85 54 -103 54 -112 54
54 -134 54 -134 54 -134 54 -134 54 104 -60 -60 -121 87 -60 -60 -85 135 -60 -60
54 -134 54 80 -60 -60 -86 54 -134 54 -134 54 104 -60 -60 -121 87 -60 -60 -85
54 -134 54 -134 54 -134 54 104 -60 -60 -121 87 -60 -60 -85 135 -60 -60 -85 54
54 -134 54 -134 54 104 -60 -60 -121 87 -60 -60 -85 135 -60 -60 -85 54 -103 54
-134 54 -134 54 104 -60 -60 -121 87 -60 -60 -85 135 -60 -60 -85 54 -103 54 -112
54 -134 54 104 -60 -60 -121 87 -60 -60 -85 135 -60 -60 -85 54 -103 54 -112 54
54 -134 54 104 -60 -60 -121 87 -60 -60 -85 135 -60 -60 -85 54 -103 54 -112 54
54 -134 54 104 -60 -60 -121 87 -60 -60 -85 135 -60 -60 -85 54 -103 54 -112 54
54 -134 54 104 -60 -60 -121 87 -60 -60 -85 135 -60 -60 -85 54 -103 54 -112 54
54 -121 54 -134 54 -134 54 -134 54 -134 54 -134 54 -134 54 -134 54 104 -60 -60
-121 87 -60 -60 -85 135 -60 -60 -85 54 -103 54 -112 54 93 -60 -60 -85 54 80
54 -134 54 104 -60 -60 -121 87 -60 -60 -85 135 -60 -60 -85 54 -103 54 -112 54
54 104 -60 -60 -121 87 -60 -60 -85 135 -60 -60 -85 54 -103 54 100 -60 -60 -85
54 -105 54 100 -60 -60 -85 54 -112 54 93 -60 -60 -105 54 -85 54 91 -60 -60
-85 54 -103 54 91 -60 -60 -85 83 -60 -60 -85 54 -121 54 -134 54 -134 54 -134
54 104 -60 -60 -121 87 -60 -60 -85 135 -60 -60 -85 54 -103 54 -112 54 93 -60
54 104 -60 -60 -121 87 -60 -60 -85 135 -60 -60 -85 54 -103 54 100 -60 -60 -85
54 -105 54 100 -60 -60 -85 54 -112 54 -105 54 93 -60 -60 -85 54 91 -60 -60
-85 54 -103 54 91 -60 -60 -85 83 -60 -60 -85 54 -121 54 -134 54 -134 54 -134
54 104 -60 -60 -121 87 -60 -60 -85 135 -60 -60 -85 54 -103 54 -112 54 93 -60
54 104 -60 -60 -121 87 -60 -60 -85 135 -60 -60 -85 54 -103 54 100 -60 -60 -85
54 -105 54 100 -60 -60 -112 -85 54 54 -105 54 93 -60 -60 -85 54 91 -60 -60
-85 54 -103 54 91 -60 -60 -85 83 -60 -60 -85 54 -121 54 -134 54 -134 54 -134
54 104 -60 -60 -121 87 -60 -60 -85 135 -60 -60 -85 54 -103 54 -112 54 93 -60
-121 87 -60 -60 -85 135 -60 -60 -85 54 -103 54 100 -60 -60 -85 -105 54 54 100
-60 -60 -85 54 -112 54 -105 54 93 -60 -60 -85 54 91 -60 -60 -85 54 -103 54
91 -60 -60 -85 83 -60 -60 -85 54 -121 54 -134 54 -134 54 -134 54 104 -60 -60
-121 87 -60 -60 -85 135 -60 -60 -85 54 -103 54 -112 54 93 -60 -60 -85 54 80
54 -113 54 93 -60 -60 -85 54 -121 54 -134 54 104 -60 -60 -121 87 -60 -60 -85
135 -60 -60 -85 54 -103 54 100 -60 -60 -85 54 -105 54 100 -60 -60 -85 54 -112
54 -105 54 93 -60 -60 -85 54 91 -60 -60 -85 54 -103 54 91 -60 -60 -85 83
-60 -60 -85 54 -121 54 -134 54 -134 54 -134 54 104 -60 -60 -121 87 -60 -60 -85
93 -60 -97 54 -104 54 -113 54 93 -60 -60 -85 54 -121 54 80 -60 -60 -86 54
-134 54 104 -60 -60 -121 54 87 -60 -60 -85 135 -60 -60 -85 54 -103 54 100 -60
-60 -85 54 -105 54 100 -60 -60 -85 -112 54 54 -105 54 93 -60 -60 -85 54 91
-60 -60 -85 54 -103 54 91 -60 -60 -85 83 -60 -60 -85 54 -121 54 -134 54 -134
54 -134 54 104 -60 -60 -121 87 -60 -60 -85 135 -60 -60 -85 54 -103 54 -112 54
87 -60 -85 135 -60 -60 -85 54 -103 54 100 -60 -60 -85 54 -105 54 100 -60 -60
-85 54 -112 54 -105 54 93 -60 -60 -85 54 91 -60 -60 -85 54 -103 54 91 -60
-60 -85 83 -60 -60 -85 54 -121 54 -134 54 80 -60 -60 -86 54 -134 54 -134 54
104 -60 -60 -121 87 -60 -60 -85 135 -60 -60 -85 54 -103 54 -112 54 93 -60 -60
54 -134 54 80 -60 -60 -86 54 -134 54 -134 54 104 -60 -60 -121 87 -60 -60 -85
54 -134 54 104 -60 -60 -121 87 -60 -60 -85 135 -60 -60 -85 54 -103 54 -112 54
54 -134 54 -134 54 -134 54 -134 54 104 -60 -60 -121 87 -60 -60 -85 135 -60 -60
54 -134 54 80 -60 -60 -86 54 -134 54 -134 54 104 -60 -60 -121 87 -60 -60 -85
54 -134 54 -134 54 -134 54 104 -60 -60 -121 87 -60 -60 -85 135 -60 -60 -85 54
54 -134 54 -134 54 104 -60 -60 -121 87 -60 -60 -85 135 -60 -60 -85 54 -103 54
-134 54 -134 54 104 -60 -60 -121 87 -60 -60 -85 135 -60 -60 -85 54 -103 54 -112
54 -134 54 104 -60 -60 -121 87 -60 -60 -85 135 -60 -60 -85 54 -103 54 -112 54
54 -134 54 104 -60 -60 -121 87 -60 -60 -85 135 -60 -60 -85 54 -103 54 -112 54
54 -134 54 104 -60 -60 -121 87 -60 -60 -85 135 -60 -60 -85 54 -103 54 -112 54
54 -134 54 104 -60 -60 -121 87 -60 -60 -85 135 -60 -60 -85 54 -103 54 -112 54
54 -121 54 -134 54 -134 54 -134 54 -134 54 -134 54 -134 54 -134 54 104 -60 -60
-121 87 -60 -60 -85 135 -60 -60 -85 54 -103 54 -112 54 93 -60 -60 -85 54 80
54 -134 54 104 -60 -60 -121 87 -60 -60 -85 135 -60 -60 -85 54 -103 54 -112 54
54 104 -60 -60 -121 87 -60 -60 -85 135 -60 -60 -85 54 -103 54 100 -60 -60 -85
54 -105 54 100 -60 -60 -85 54 -112 54 93 -60 -60 -105 54 -85 54 91 -60 -60
-85 54 -103 54 91 -60 -60 -85 83 -60 -60 -85 54 -121 54 -134 54 -134 54 -134
54 104 -60 -60 -121 87 -60 -60 -85 135 -60 -60 -85 54 -103 54 -112 54 93 -60
54 104 -60 -60 -121 87 -60 -60 -85 135 -60 -60 -85 54 -103 54 100 -60 -60 -85
54 -105 54 100 -60 -60 -85 54 -112 54 -105 54 93 -60 -60 -85 54 91 -60 -60
-85 54 -103 54 91 -60 -60 -85 83 -60 -60 -85 54 -121 54 -134 54 -134 54 -134
54 104 -60 -60 -121 87 -60 -60 -85 135 -60 -60 -85 54 -103 54 -112 54 93 -60
54 104 -60 -60 -121 87 -60 -60 -85 135 -60 -60 -85 54 -103 54 100 -60 -60 -85
54 -105 54 100 -60 -60 -112 -85 54 54 -105 54 93 -60 -60 -85 54 91 -60 -60
-85 54 -103 54 91 -60 -60 -85 83 -60 -60 -85 54 -121 54 -134 54 -134 54 -134
54 104 -60 -60 -121 87 -60 -60 -85 135 -60 -60 -85 54 -103 54 -112 54 93 -60
-121 87 -60 -60 -85 135 -60 -60 -85 54 -103 54 100 -60 -60 -85 -105 54 54 100
-60 -60 -85 54 -112 54 -105 54 93 -60 -60 -85 54 91 -60 -60 -85 54 -103 54
91 -60 -60 -85 83 -60 -60 -85 54 -121 54 -134 54 -134 54 -134 54 104 -60 -60
-121 87 -60 -60 -85 135 -60 -60 -85 54 -103 54 -112 54 93 -60 -60 -85 54 80
54 -113 54 93 -60 -60 -85 54 -121 54 -134 54 104 -60 -60 -121 87 -60 -60 -85
135 -60 -60 -85 54 -103 54 100 -60 -60 -85 54 -105 54 100 -60 -60 -85 54 -112
54 -105 54 93 -60 -60 -85 54 91 -60 -60 -85 54 -103 54 91 -60 -60 -85 83
-60 -60 -85 54 -121 54 -134 54 -134 54 -134 54 104 -60 -60 -121 87 -60 -60 -85
93 -60 -97 54 -104 54 -113 54 93 -60 -60 -85 54 -121 54 80 -60 -60 -86 54
-134 54 104 -60 -60 -121 54 87 -60 -60 -85 135 -60 -60 -85 54 -103 54 100 -60
-60 -85 54 -105 54 100 -60 -60 -85 -112 54 54 -105 54 93 -60 -60 -85 54 91
-60 -60 -85 54 -103 54 91 -60 -60 -85 83 -60 -60 -85 54 -121 54 -134 54 -134
54 -134 54 104 -60 -60 -121 87 -60 -60 -85 135 -60 -60 -85 54 -103 54 -112 54
87 -60 -85 135 -60 -60 -85 54 -103 54 100 -60 -60 -85 54 -105 54 100 -60 -60
-85 54 -112 54 -105 54 93 -60 -60 -85 54 91 -60 -60 -85 54 -103 54 91 -60
-60 -85 83 -60 -60 -85 54 -121 54 -134 54 80 -60 -60 -86 54 -134 54 -134 54
104 -60 -60 -121 87 -60 -60 -85 135 -60 -60 -85 54 -103 54 -112 54 93 -60 -60
54 -134 54 80 -60 -60 -86 54 -134 54 -134 54 104 -60 -60 -121 87 -60 -60 -85
54 -134 54 104 -60 -60 -121 87 -60 -60 -85 135 -60 -60 -85 54 -103 54 -112 54
54 -134 54 -134 54 -134 54 -134 54 104 -60 -60 -121 87 -60 -60 -85 135 -60 -60
54 -134 54 80 -60 -60 -86 54 -134 54 -134 54 104 -60 -60 -121 87 -60 -60 -85
54 -134 54 -134 54 -134 54 104 -60 -60 -121 87 -60 -60 -85 135 -60 -60 -85 54
54 -134 54 -134 54 104 -60 -60 -121 87 -60 -60 -85 135 -60 -60 -85 54 -103 54
-134 54 -134 54 104 -60 -60 -121 87 -60 -60 -85 135 -60 -60 -85 54 -103 54 -112
54 -134 54 104 -60 -60 -121 87 -60 -60 -85 135 -60 -60 -85 54 -103 54 -112 54
54 -134 54 104 -60 -60 -121 87 -60 -60 -85 135 -60 -60 -85 54 -103 54 -112 54
54 -134 54 104 -60 -60 -121 87 -60 -60 -85 135 -60 -60 -85 54 -103 54 -112 54
54 -134 54 104 -60 -60 -121 87 -60 -60 -85 135 -60 -60 -85 54 -103 54 -112 54
54 -121 54 -134 54 -134 54 -134 54 -134 54 -134 54 -134 54 -134 54 104 -60 -60
-121 87 -60 -60 -85 135 -60 -60 -85 54 -103 54 -112 54 93 -60 -60 -85 54 80
54 -134 54 104 -60 -60 -121 87 -60 -60 -85 135 -60 -60 -85 54 -103 54 -112 54
54 104 -60 -60 -121 87 -60 -60 -85 135 -60 -60 -85 54 -103 54 100 -60 -60 -85
54 -105 54 100 -60 -60 -85 54 -112 54 93 -60 -60 -105 54 -85 54 91 -60 -60
-85 54 -103 54 91 -60 -60 -85 83 -60 -60 -85 54 -121 54 -134 54 -134 54 -134
54 104 -60 -60 -121 87 -60 -60 -85 135 -60 -60 -85 54 -103 54 -112 54 93 -60
54 104 -60 -60 -121 87 -60 -60 -85 135 -60 -60 -85 54 -103 54 100 -60 -60 -85
54 -105 54 100 -60 -60 -85 54 -112 54 -105 54 93 -60 -60 -85 54 91 -60 -60
-85 54 -103 54 91 -60 -60 -85 83 -60 -60 -85 54 -121 54 -134 54 -134 54 -134
54 104 -60 -60 -121 87 -60 -60 -85 135 -60 -60 -85 54 -103 54 -112 54 93 -60
54 104 -60 -60 -121 87 -60 -60 -85 135 -60 -60 -85 54 -103 54 100 -60 -60 -85
54 -105 54 100 -60 -60 -112 -85 54 54 -105 54 93 -60 -60 -85 54 91 -60 -60
-85 54 -103 54 91 -60 -60 -85 83 -60 -60 -85 54 -121 54 -134 54 -134 54 -134
54 104 -60 -60 -121 87 -60 -60 -85 135 -60 -60 -85 54 -103 54 -112 54 93 -60
-121 87 -60 -60 -85 135 -60 -60 -85 54 -103 54 100 -60 -60 -85 -105 54 54 100
-60 -60 -85 54 -112 54 -105 54 93 -60 -60 -85 54 91 -60 -60 -85 54 -103 54
91 -60 -60 -85 83 -60 -60 -85 54 -121 54 -134 54 -134 54 -134 54 104 -60 -60
-121 87 -60 -60 -85 135 -60 -60 -85 54 -103 54 -112 54 93 -60 -60 -85 54 80
54 -113 54 93 -60 -60 -85 54 -121 54 -134 54 104 -60 -60 -121 87 -60 -60 -85
135 -60 -60 -85 54 -103 54 100 -60 -60 -85 54 -105 54 100 -60 -60 -85 54 -112
54 -105 54 93 -60 -60 -85 54 91 -60 -60 -85 54 -103 54 91 -60 -60 -85 83
-60 -60 -85 54 -121 54 -134 54 -134 54 -134 54 104 -60 -60 -121 87 -60 -60 -85
93 -60 -97 54 -104 54 -113 54 93 -60 -60 -85 54 -121 54 80 -60 -60 -86 54
-134 54 104 -60 -60 -121 54 87 -60 -60 -85 135 -60 -60 -85 54 -103 54 100 -60
-60 -85 54 -105 54 100 -60 -60 -85 -112 54 54 -105 54 93 -60 -60 -85 54 91
-60 -60 -85 54 -103 54 91 -60 -60 -85 83 -60 -60 -85 54 -121 54 -134 54 -134
54 -134 54 104 -60 -60 -121 87 -60 -60 -85 135 -60 -60 -85 54 -103 54 -112 54
87 -60 -85 135 -60 -60 -85 54 -103 54 100 -60 -60 -85 54 -105 54 100 -60 -60
-85 54 -112 54 -105 54 93 -60 -60 -85 54 91 -60 -60 -85 54 -103 54 91 -60
-60 -85 83 -60 -60 -85 54 -121 54 -134 54 80 -60 -60 -86 54 -134 54 -134 54
104 -60 -60 -121 87 -60 -60 -85 135 -60 -60 -85 54 -103 54 -112 54 93 -60 -60
54 -134 54 80 -60 -60 -86 54 -134 54 -134 54 104 -60 -60 -121 87 -60 -60 -85
54 -134 54 104 -60 -60 -121 87 -60 -60 -85 135 -60 -60 -85 54 -103 54 -112 54
54 -134 54 -134 54 -134 54 -134 54 104 -60 -60 -121 87 -60 -60 -85 135 -60 -60
54 -134 54 80 -60 -60 -86 54 -134 54 -134 54 104 -60 -60 -121 87 -60 -60 -85
54 -134 54 -134 54 -134 54 104 -60 -60 -121 87 -60 -60 -85 135 -60 -60 -85 54
54 -134 54 -134 54 104 -60 -60 -121 87 -60 -60 -85 135 -60 -60 -85 54 -103 54
-134 54 -134 54 104 -60 -60 -121 87 -60 -60 -85 135 -60 -60 -85 54 -103 54 -112
54 -134 54 104 -60 -60 -121 87 -60 -60 -85 135 -60 -60 -85 54 -103 54 -112 54
54 -134 54 104 -60 -60 -121 87 -60 -60 -85 135 -60 -60 -85 54 -103 54 -112 54
54 -134 54 104 -60 -60 -121 87 -60 -60 -85 135 -60 -60 -85 54 -103 54 -112 54
54 -134 54 104 -60 -60 -121 87 -60 -60 -85 135 -60 -60 -85 54 -103 54 -112 54
54 -121 54 -134 54 -134 54 -134 54 -134 54 -134 54 -134 54 -134 54 104 -60 -60
-121 87 -60 -60 -85 135 -60 -60 -85 54 -103 54 -112 54 93 -60 -60 -85 54 80
54 -134 54 104 -60 -60 -121 87 -60 -60 -85 135 -60 -60 -85 54 -103 54 -112 54
54 104 -60 -60 -121 87 -60 -60 -85 135 -60 -60 -85 54 -103 54 100 -60 -60 -85
54 -105 54 100 -60 -60 -85 54 -112 54 93 -60 -60 -105 54 -85 54 91 -60 -60
-85 54 -103 54 91 -60 -60 -85 83 -60 -60 -85 54 -121 54 -134 54 -134 54 -134
54 104 -60 -60 -121 87 -60 -60 -85 135 -60 -60 -85 54 -103 54 -112 54 93 -60
54 104 -60 -60 -121 87 -60 -60 -85 135 -60 -60 -85 54 -103 54 100 -60 -60 -85
54 -105 54 100 -60 -60 -85 54 -112 54 -105 54 93 -60 -60 -85 54 91 -60 -60
-85 54 -103 54 91 -60 -60 -85 83 -60 -60 -85 54 -121 54 -134 54 -134 54 -134
54 104 -60 -60 -121 87 -60 -60 -85 135 -60 -60 -85 54 -103 54 -112 54 93 -60
54 104 -60 -60 -121 87 -60 -60 -85 135 -60 -60 -85 54 -103 54 100 -60 -60 -85
54 -105 54 100 -60 -60 -112 -85 54 54 -105 54 93 -60 -60 -85 54 91 -60 -60
-85 54 -103 54 91 -60 -60 -85 83 -60 -60 -85 54 -121 54 -134 54 -134 54 -134
54 104 -60 -60 -121 87 -60 -60 -85 135 -60 -60 -85 54 -103 54 -112 54 93 -60
-121 87 -60 -60 -85 135 -60 -60 -85 54 -103 54 100 -60 -60 -85 -105 54 54 100
-60 -60 -85 54 -112 54 -105 54 93 -60 -60 -85 54 91 -60 -60 -85 54 -103 54
91 -60 -60 -85 83 -60 -60 -85 54 -121 54 -134 54 -134 54 -134 54 104 -60 -60
-121 87 -60 -60 -85 135 -60 -60 -85 54 -103 54 -112 54 93 -60 -60 -85 54 80
54 -113 54 93 -60 -60 -85 54 -121 54 -134 54 104 -60 -60 -121 87 -60 -60 -85
135 -60 -60 -85 54 -103 54 100 -60 -60 -85 54 -105 54 100 -60 -60 -85 54 -112
54 -105 54 93 -60 -60 -85 54 91 -60 -60 -85 54 -103 54 91 -60 -60 -85 83
-60 -60 -85 54 -121 54 -134 54 -134 54 -134 54 104 -60 -60 -121 87 -60 -60 -85
93 -60 -97 54 -104 54 -113 54 93 -60 -60 -85 54 -121 54 80 -60 -60 -86 54
-134 54 104 -60 -60 -121 54 87 -60 -60 -85 135 -60 -60 -85 54 -103 54 100 -60
-60 -85 54 -105 54 100 -60 -60 -85 -112 54 54 -105 54 93 -60 -60 -85 54 91
-60 -60 -85 54 -103 54 91 -60 -60 -85 83 -60 -60 -85 54 -121 54 -134 54 -134
54 -134 54 104 -60 -60 -121 87 -60 -60 -85 135 -60 -60 -85 54 -103 54 -112 54
87 -60 -85 135 -60 -60 -85 54 -103 54 100 -60 -60 -85 54 -105 54 100 -60 -60
-85 54 -112 54 -105 54 93 -60 -60 -85 54 91 -60 -60 -85 54 -103 54 91 -60
-60 -85 83 -60 -60 -85 54 -121 54 -134 54 80 -60 -60 -86 54 -134 54 -134 54
104 -60 -60 -121 87 -60 -60 -85 135 -60 -60 -85 54 -103 54 -112 54 93 -60 -60
54 -134 54 80 -60 -60 -86 54 -134 54 -134 54 104 -60 -60 -121 87 -60 -60 -85
54 -134 54 104 -60 -60 -121 87 -60 -60 -85 135 -60 -60 -85 54 -103 54 -112 54
54 -134 54 -134 54 -134 54 -134 54 104 -60 -60 -121 87 -60 -60 -85 135 -60 -60
54 -134 54 80 -60 -60 -86 54 -134 54 -134 54 104 -60 -60 -121 87 -60 -60 -85
54 -134 54 -134 54 -134 54 104 -60 -60 -121 87 -60 -60 -85 135 -60 -60 -85 54
54 -134 54 -134 54 104 -60 -60 -121 87 -60 -60 -85 135 -60 -60 -85 54 -103 54
-134 54 -134 54 104 -60 -60 -121 87 -60 -60 -85 135 -60 -60 -85 54 -103 54 -112
54 -134 54 104 -60 -60 -121 87 -60 -60 -85 135 -60 -60 -85 54 -103 54 -112 54
54 -134 54 104 -60 -60 -121 87 -60 -60 -85 135 -60 -60 -85 54 -103 54 -112 54
54 -134 54 104 -60 -60 -121 87 -60 -60 -85 135 -60 -60 -85 54 -103 54 -112 54
54 -134 54 104 -60 -60 -121 87 -60 -60 -85 135 -60 -60 -85 54 -103 54 -112 54
54 -121 54 -134 54 -134 54 -134 54 -134 54 -134 54 -134 54 -134 54 104 -60 -60
-121 87 -60 -60 -85 135 -60 -60 -85 54 -103 54 -112 54 93 -60 -60 -85 54 80
54 -134 54 104 -60 -60 -121 87 -60 -60 -85 135 -60 -60 -85 54 -103 54 -112 54
54 104 -60 -60 -121 87 -60 -60 -85 135 -60 -60 -85 54 -103 54 100 -60 -60 -85
54 -105 54 100 -60 -60 -85 54 -112 54 93 -60 -60 -105 54 -85 54 91 -60 -60
-85 54 -103 54 91 -60 -60 -85 83 -60 -60 -85 54 -121 54 -134 54 -134 54 -134
54 104 -60 -60 -121 87 -60 -60 -85 135 -60 -60 -85 54 -103 54 -112 54 93 -60
54 104 -60 -60 -121 87 -60 -60 -85 135 -60 -60 -85 54 -103 54 100 -60 -60 -85
54 -105 54 100 -60 -60 -85 54 -112 54 -105 54 93 -60 -60 -85 54 91 -60 -60
-85 54 -103 54 91 -60 -60 -85 83 -60 -60 -85 54 -121 54 -134 54 -134 54 -134
54 104 -60 -60 -121 87 -60 -60 -85 135 -60 -60 -85 54 -103 54 -112 54 93 -60
54 104 -60 -60 -121 87 -60 -60 -85 135 -60 -60 -85 54 -103 54 100 -60 -60 -85
54 -105 54 100 -60 -60 -112 -85 54 54 -105 54 93 -60 -60 -85 54 91 -60 -60
-85 54 -103 54 91 -60 -60 -85 83 -60 -60 -85 54 -121 54 -134 54 -134 54 -134
54 104 -60 -60 -121 87 -60 -60 -85 135 -60 -60 -85 54 -103 54 -112 54 93 -60
-121 87 -60 -60 -85 135 -60 -60 -85 54 -103 54 100 -60 -60 -85 -105 54 54 100
-60 -60 -85 54 -112 54 -105 54 93 -60 -60 -85 54 91 -60 -60 -85 54 -103 54
91 -60 -60 -85 83 -60 -60 -85 54 -121 54 -134 54 -134 54 -134 54 104 -60 -60
-121 87 -60 -60 -85 135 -60 -60 -85 54 -103 54 -112 54 93 -60 -60 -85 54 80
54 -113 54 93 -60 -60 -85 54 -121 54 -134 54 104 -60 -60 -121 87 -60 -60 -85
135 -60 -60 -85 54 -103 54 100 -60 -60 -85 54 -105 54 100 -60 -60 -85 54 -112
54 -105 54 93 -60 -60 -85 54 91 -60 -60 -85 54 -103 54 91 -60 -60 -85 83
-60 -60 -85 54 -121 54 -134 54 -134 54 -134 54 104 -60 -60 -121 87 -60 -60 -85
93 -60 -97 54 -104 54 -113 54 93 -60 -60 -85 54 -121 54 80 -60 -60 -86 54
-134 54 104 -60 -60 -121 54 87 -60 -60 -85 135 -60 -60 -85 54 -103 54 100 -60
-60 -85 54 -105 54 100 -60 -60 -85 -112 54 54 -105 54 93 -60 -60 -85 54 91
-60 -60 -85 54 -103 54 91 -60 -60 -85 83 -60 -60 -85 54 -121 54 -134 54 -134
54 -134 54 104 -60 -60 -121 87 -60 -60 -85 135 -60 -60 -85 54 -103 54 -112 54
87 -60 -85 135 -60 -60 -85 54 -103 54 100 -60 -60 -85 54 -105 54 100 -60 -60
-85 54 -112 54 -105 54 93 -60 -60 -85 54 91 -60 -60 -85 54 -103 54 91 -60
-60 -85 83 -60 -60 -85 54 -121 54 -134 54 80 -60 -60 -86 54 -134 54 -134 54
104 -60 -60 -121 87 -60 -60 -85 135 -60 -60 -85 54 -103 54 -112 54 93 -60 -60
54 -134 54 80 -60 -60 -86 54 -134 54 -134 54 104 -60 -60 -121 87 -60 -60 -85
54 -134 54 104 -60 -60 -121 87 -60 -60 -85 135 -60 -60 -85 54 -103 54 -112 54
54 -134 54 -134 54 -134 54 -134 54 104 -60 -60 -121 87 -60 -60 -85 135 -60 -60
54 -134 54 80 -60 -60 -86 54 -134 54 -134 54 104 -60 -60 -121 87 -60 -60 -85
54 -134 54 -134 54 -134 54 104 -60 -60 -121 87 -60 -60 -85 135 -60 -60 -85 54
54 -134 54 -134 54 104 -60 -60 -121 87 -60 -60 -85 135 -60 -60 -85 54 -103 54
-134 54 -134 54 104 -60 -60 -121 87 -60 -60 -85 135 -60 -60 -85 54 -103 54 -112
54 -134 54 104 -60 -60 -121 87 -60 -60 -85 135 -60 -60 -85 54 -103 54 -112 54
54 -134 54 104 -60 -60 -121 87 -60 -60 -85 135 -60 -60 -85 54 -103 54 -112 54
54 -134 54 104 -60 -60 -121 87 -60 -60 -85 135 -60 -60 -85 54 -103 54 -112 54
54 -134 54 104 -60 -60 -121 87 -60 -60 -85 135 -60 -60 -85 54 -103 54 -112 54
54 -121 54 -134 54 -134 54 -134 54 -134 54 -134 54 -134 54 -134 54 104 -60 -60
-121 87 -60 -60 -85 135 -60 -60 -85 54 -103 54 -112 54 93 -60 -60 -85 54 80
54 -134 54 104 -60 -60 -121 87 -60 -60 -85 135 -60 -60 -85 54 -103 54 -112 54
54 104 -60 -60 -121 87 -60 -60 -85 135 -60 -60 -85 54 -103 54 100 -60 -60 -85
54 -105 54 100 -60 -60 -85 54 -112 54 93 -60 -60 -105 54 -85 54 91 -60 -60
-85 54 -103 54 91 -60 -60 -85 83 -60 -60 -85 54 -121 54 -134 54 -134 54 -134
54 104 -60 -60 -121 87 -60 -60 -85 135 -60 -60 -85 54 -103 54 -112 54 93 -60
54 104 -60 -60 -121 87 -60 -60 -85 135 -60 -60 -85 54 -103 54 100 -60 -60 -85
54 -105 54 100 -60 -60 -85 54 -112 54 -105 54 93 -60 -60 -85 54 91 -60 -60
-85 54 -103 54 91 -60 -60 -85 83 -60 -60 -85 54 -121 54 -134 54 -134 54 -134
54 104 -60 -60 -121 87 -60 -60 -85 135 -60 -60 -85 54 -103 54 -112 54 93 -60
54 104 -60 -60 -121 87 -60 -60 -85 135 -60 -60 -85 54 -103 54 100 -60 -60 -85
54 -105 54 100 -60 -60 -112 -85 54 54 -105 54 93 -60 -60 -85 54 91 -60 -60
-85 54 -103 54 91 -60 -60 -85 83 -60 -60 -85 54 -121 54 -134 54 -134 54 -134
54 104 -60 -60 -121 87 -60 -60 -85 135 -60 -60 -85 54 -103 54 -112 54 93 -60
-121 87 -60 -60 -85 135 -60 -60 -85 54 -103 54 100 -60 -60 -85 -105 54 54 100
-60 -60 -85 54 -112 54 -105 54 93 -60 -60 -85 54 91 -60 -60 -85 54 -103 54
91 -60 -60 -85 83 -60 -60 -85 54 -121 54 -134 54 -134 54 -134 54 104 -60 -60
-121 87 -60 -60 -85 135 -60 -60 -85 54 -103 54 -112 54 93 -60 -60 -85 54 80
54 -113 54 93 -60 -60 -85 54 -121 54 -134 54 104 -60 -60 -121 87 -60 -60 -85
135 -60 -60 -85 54 -103 54 100 -60 -60 -85 54 -105 54 100 -60 -60 -85 54 -112
54 -105 54 93 -60 -60 -85 54 91 -60 -60 -85 54 -103 54 91 -60 -60 -85 83
-60 -60 -85 54 -121 54 -134 54 -134 54 -134 54 104 -60 -60 -121 87 -60 -60 -85
93 -60 -97 54 -104 54 -113 54 93 -60 -60 -85 54 -121 54 80 -60 -60 -86 54
-134 54 104 -60 -60 -121 54 87 -60 -60 -85 135 -60 -60 -85 54 -103 54 100 -60
-60 -85 54 -105 54 100 -60 -60 -85 -112 54 54 -105 54 93 -60 -60 -85 54 91
-60 -60 -85 54 -103 54 91 -60 -60 -85 83 -60 -60 -85 54 -121 54 -134 54 -134
54 -134 54 104 -60 -60 -121 87 -60 -60 -85 135 -60 -60 -85 54 -103 54 -112 54
87 -60 -85 135 -60 -60 -85 54 -103 54 100 -60 -60 -85 54 -105 54 100 -60 -60
-85 54 -112 54 -105 54 93 -60 -60 -85 54 91 -60 -60 -85 54 -103 54 91 -60
-60 -85 83 -60 -60 -85 54 -121 54 -134 54 80 -60 -60 -86 54 -134 54 -134 54
104 -60 -60 -121 87 -60 -60 -85 135 -60 -60 -85 54 -103 54 -112 54 93 -60 -60
