226 669 554 235 539 515 640 35 247 235 539 515 640 35 247 235 539 495 554 766
226 669 554 235 539 515 640 35 247 235 539 515 640 35 247 235 539 495 554 766
226 669 554 235 539 515 640 35 247 235 539 515 640 35 247 235 539 495 554 766
226 669 554 235 539 515 640 35 247 235 539 515 640 35 247 235 539 495 554 766
226 669 554 235 539 515 640 35 247 235 539 547 515 640 35 247 235 539 495 554
226 669 554 235 539 515 640 35 247 235 539 515 640 35 247 235 539 495 554 766
226 669 554 235 539 515 640 35 247 235 539 547 515 640 35 247 235 539 495 554
226 669 554 235 539 515 640 35 247 235 539 515 640 35 247 235 539 495 554 766
226 669 554 235 539 515 640 35 247 235 539 515 640 35 247 235 539 495 554 766
545 545 226 669 554 235 539 515 640 35 247 235 539 547 515 640 35 247 235 539
226 669 554 235 539 515 640 35 247 235 539 226 669 235 539 510 477 515 640 41
235 539 539 259 545 235 539 469 554 765 235 539 547 515 640 35 247 235 539 545
235 539 469 554 765 235 539 539 259 511 554 439 216 539 539 547 235 539 226 669
226 669 554 235 539 515 640 35 247 235 539 226 669 235 539 469 554 765 235 539
539 259 545 235 539 469 226 669 558 765 235 539 469 547 235 539 554 765 235 539
226 669 554 235 539 515 640 35 247 235 539 539 259 545 235 539 469 554 765 554
547 539 259 545 235 539 469 554 765 235 539 547 515 640 35 247 235 539 495 554
226 669 554 235 539 515 640 35 247 235 539 226 669 235 539 469 554 765 235 539
539 259 545 235 539 469 554 765 235 539 547 515 640 35 247 235 539 495 554 766
226 669 554 235 539 515 640 35 247 235 539 547 515 640 35 247 235 539 511 554
226 669 554 235 539 515 640 35 247 235 539 515 640 35 247 235 539 495 554 766
226 669 554 235 539 547 515 640 35 247 235 539 515 640 35 247 235 539 495 554
226 669 554 235 539 515 640 35 247 235 539 515 640 35 247 235 539 495 554 766
