1588 1440 1580 1580 1448 1580 1588 1440 1580 1580 1448 1580 1588 1440 1580 1627 1448 1217 1580 2008
1588 1440 1580 1580 1448 1580 1588 1440 1580 1580 1448 1580 1588 1440 1580 1627 1448 1217 1580 2008
1588 1440 1580 1580 1448 1580 1588 1440 1580 1580 1448 1580 1588 1440 1580 1627 1448 1217 1580 2008
1588 1440 1580 1580 1448 1580 1588 1440 1580 1580 1448 1580 1588 1440 1580 1627 1448 1217 1580 2008
1588 1440 1580 1580 1448 1580 1588 1440 1580 1580 1448 1448 1580 1588 1440 1580 1627 1448 1217 1580
1588 1440 1580 1580 1448 1580 1588 1440 1580 1580 1448 1580 1588 1440 1580 1627 1448 1217 1580 2008
1588 1440 1580 1580 1448 1580 1588 1440 1580 1580 1448 1448 1580 1588 1440 1580 1627 1448 1217 1580
1588 1440 1580 1580 1448 1580 1588 1440 1580 1580 1448 1580 1588 1440 1580 1627 1448 1217 1580 2008
1588 1440 1580 1580 1448 1580 1588 1440 1580 1580 1448 1580 1588 1440 1580 1627 1448 1217 1580 2008
1440 1440 1588 1440 1580 1580 1448 1580 1588 1440 1580 1580 1448 1448 1580 1588 1440 1580 1627 1448
1588 1440 1580 1580 1448 1580 1588 1440 1580 1580 1448 1580 1440 1588 1448 1262 1148 1580 1580 2108
1580 1448 1448 1580 1440 1588 1448 1050 1580 2007 1580 1448 1448 1580 1588 1440 1580 1627 1448 1440
1588 1448 1050 1580 2007 1580 1448 1448 1580 1269 1580 2948 2467 1448 1448 1448 1580 1448 1588 1440
1588 1440 1580 1580 1448 1580 1588 1440 1580 1580 1448 1580 1440 1588 1448 1050 1580 2007 1580 1448
1448 1580 1440 1588 1448 1050 1580 1440 1588 2007 1580 1448 1050 1448 1580 1448 1580 2007 1580 1448
1588 1440 1580 1580 1448 1580 1588 1440 1580 1580 1448 1448 1580 1440 1588 1448 1050 1580 2007 1580
1448 1448 1580 1440 1588 1448 1050 1580 2007 1580 1448 1448 1580 1588 1440 1580 1627 1448 1217 1580
1588 1440 1580 1580 1448 1580 1588 1440 1580 1580 1448 1580 1440 1588 1448 1050 1580 2007 1580 1448
1448 1580 1440 1588 1448 1050 1580 2007 1580 1448 1448 1580 1588 1440 1580 1627 1448 1217 1580 2008
1588 1440 1580 1580 1448 1580 1588 1440 1580 1580 1448 1448 1580 1588 1440 1580 1627 1448 1269 1580
1588 1440 1580 1580 1448 1580 1588 1440 1580 1580 1448 1580 1588 1440 1580 1627 1448 1217 1580 2008
1588 1440 1580 1580 1448 1448 1580 1588 1440 1580 1580 1448 1580 1588 1440 1580 1627 1448 1217 1580
1588 1440 1580 1580 1448 1580 1588 1440 1580 1580 1448 1580 1588 1440 1580 1627 1448 1217 1580 2008
