1588 1440 1580 1717 1448 788 1580 1580 1448 1580 1588 1440 1580 1448 80 1580 1580 1580 1580 1448
1580 1580 1580 1588 1440 1580 1448 80 1580 1580 1580 1580 1448 1448 1580 1580 1448 1568 1568 1588
1440 1580 1448 80 1580 1580 1580 1580 1448 1580 1580 1588 1448 1568 1460 80 1568 1568 1568 1568
1568 1568 1407 1580 1580 1460 1588 1440 1580 1779 1448 1243 1580 1580 1448 1580 1588 1440 1580 1890
1448 955 1580 1580 1448 1580 1588 1448 1568 1772 1460 1091 80 80 80 1568 1568 1568 1568 1460
1568 80 1568 80 80 80 80 80 1568 80 80 80 981 1568 1568 1568 1568 1568 1568 80
80 80 80 1568 1568 80 80 1568 80 80 80 80 80 80 1568 1568 1568 80 80 1568
80 80 1568 80 80 1568 80 80 80 80 1568 80 80 1568 1568 80 80 80 80 1568
1568 80 80 1568 80 80 80 80 80 80 1568 1568 1568 80 80 80 80 1568 1568 80
80 1568 80 80 1568 80 80 80 80 1568 1568 80 80 80 80 1568 1568 80 80 1568
80 80 1568 80 80 80 80 1568 1568 80 80 80 80 1568 1568 80 80 1568 80 80
1568 80 80 80 80 1568 1568 80 80 80 80 1568 1568 80 80 1568 80 80 80 80
1568 1568 80 80 1568 80 80 80 80 1568 1568 80 80 1568 80 80 80 80 1568 1568
80 80 1568 80 80 80 80 1568 80 80 1568 1568 80 80 80 80 1568 1568 80 80
1568 80 80 80 80 1568 80 80 1568 1568 80 80 80 80 1568 1568 80 80 1568 80
80 80 80 1568 80 80 1568 1568 80 80 80 80 1568 80 80 1568 1568 80 80 1568
80 80 80 80 1568 1568 80 80 1568 80 80 80 80 1568 1568 80 80 1568 80 80
80 80 1568 1568 80 80 1568 80 80 80 80 1568 1568 80 80 1568 80 80 80 80
1568 1568 80 80 1568 80 80 80 80 1568 1568 80 80 1568 80 975 1568 1568 1460 1568
1568 1460 1568 1568 1588 1440 1580 1448 80 1580 1580 1580 1580 1448 1580 1580 1580 1588 1440 1580
1448 1580 1448 1448 1580 1580 1588 1448 1568 1460 80 1568 1568 1568 1568 1568 1568 1391 1580 1580
1460 1460 1568 1460 1568 1568 1460 1460 1568 1460 1568 1568 1460 1460 1568 1460 1568 1568 1460 1460
1568 1568 1460 1460 1568 1588 1440 1580 1448 80 1580 1580 1580 1580 1448 1448 1580 1580 1448 1568
1588 1440 1580 1717 1448 788 1580 1580 1448 1580 1588 1440 1580 1448 80 1580 1580 1580 1580 1448
1580 1580 1580 1588 1440 1580 1448 80 1580 1580 1580 1580 1448 1448 1580 1580 1448 1568 1568 1588
1440 1580 1448 80 1580 1580 1580 1580 1448 1580 1580 1588 1448 1568 1460 80 1568 1568 1568 1568
1568 1568 1407 1580 1580 1460 1588 1440 1580 1779 1448 1243 1580 1580 1448 1580 1568 1568 1588 1448
1568 1460 80 1568 1568 1568 1568 1568 1568 1407 1580 1460 1460 1460 1568 1568 1460 1568 1568 1460
1588 1440 1580 1779 1448 1243 1580 1580 1448 1580 1588 1440 1580 1884 1448 955 1580 1580 1448 1580
1460 1568 1460 1568 1588 1448 1568 1772 1460 1091 80 80 80 1568 1568 1568 1568 80 80 80
80 80 80 80 80 80 80 1568 1568 1568 1568 1568 1568 1568 1568 80 80 80 1568 80
1568 80 80 80 80 80 80 80 1568 1568 1568 80 1568 80 80 80 80 1568 1568 80
80 1568 80 80 80 80 1568 1568 80 80 1568 80 80 80 80 1568 1568 80 80 1568
80 80 80 80 1568 1568 80 80 1568 80 80 80 80 1568 80 80 1568 1568 80 80
80 80 1568 1568 80 80 1568 80 80 80 80 1568 80 80 1568 1568 80 80 80 80
1568 1568 80 80 1568 80 80 1568 80 80 80 80 80 80 1568 80 80 1568 1568 1568
80 80 1568 80 80 1568 80 80 80 80 1568 1568 80 80 80 80 1568 1568 80 80
1568 80 80 1568 80 80 80 80 1568 80 80 80 80 1568 1568 1568 80 80 1568 80
80 1568 80 80 1568 80 80 1568 80 80 80 80 1568 1568 80 80 1568 80 80 1568
80 80 1568 80 80 1568 80 80 80 80 1568 1568 80 80 1568 80 80 1568 80 80
1568 80 80 1568 80 80 1568 80 80 1568 80 80 1568 80 80 1568 80 80 1568 80
80 1568 80 80 1568 80 80 1568 80 80 1568 80 80 1568 80 80 1568 80 80 1568
80 80 1568 80 80 1568 80 80 1568 80 80 1568 80 80 1568 80 80 1568 80 80
1568 80 80 1568 80 80 1568 80 80 1568 496 1568 1568 1460 1568 1568 1568 1460 1460 1568
1568 1568 1568 1588 1440 1580 1448 80 1580 1580 1580 1580 1448 1588 1440 1580 1448 1580 1580 1580
1580 1448 1448 1580 1580 1588 1448 1568 1460 80 1568 1568 1568 1568 1568 1568 1391 1580 1580 1460
1568 1588 1448 1568 1460 1568 1568 1568 1460 1460 1460 1460 1568 1460 1568 1568 1460 1460 1568 1568
1588 1440 1580 1717 1448 788 1580 1580 1448 1580 1588 1440 1580 1448 80 1580 1580 1580 1580 1448
1580 1580 1580 1588 1440 1580 1448 80 1580 1580 1580 1580 1448 1448 1580 1580 1448 1568 1568 1588
1440 1580 1448 80 1580 1580 1580 1580 1448 1580 1580 1588 1448 1568 1460 80 1568 1568 1568 1568
1568 1568 1588 1407 1580 1580 1460 1440 1580 1779 1448 1243 1580 1580 1448 1580 1568 1568 1588 1448
1568 1460 80 1568 1568 1568 1568 1568 1568 1407 1580 1460 1460 1460 1588 1440 1580 1884 1448 1568
1568 1460 955 1580 1580 1448 1580 1568 1568 1460 1588 1448 1568 1772 1460 100 100 100 100 100
1568 1568 1568 1568 1568 100 100 100 100 100 1568 100 100 100 100 100 100 100 1568 1568
1568 1568 1568 1568 100 100 1568 100 100 100 100 1568 100 100 1568 100 100 1568 1568 100
100 1568 100 100 1568 100 100 100 100 1568 1568 100 100 1568 100 100 1568 100 100 1568
100 100 1568 100 100 100 100 1568 1568 100 100 100 100 1568 1568 100 100 1568 100 100
1568 100 100 100 100 1568 100 100 100 100 1568 1568 1568 100 100 1568 100 100 1568 100
100 1568 100 100 100 100 100 100 1568 1568 1568 100 100 1568 100 100 1568 100 100 100
100 1568 100 100 1568 100 100 1568 1568 100 100 1568 100 100 1568 100 100 100 100 1568
100 100 1568 100 1568 100 1568 100 100 1568 100 100 1568 100 100 100 100 100 100 1568
100 100 1568 1568 1568 100 100 1568 100 100 1568 100 100 100 100 100 100 100 100 1568
1568 1568 1568 100 100 1568 100 100 1568 100 100 1568 100 100 100 100 100 100 1568 1568
1568 100 100 1568 100 100 1568 100 100 1568 100 100 100 100 100 100 1568 1568 1568 100
100 1568 100 100 1568 100 100 1568 100 100 100 100 1568 100 100 1568 1568 100 100 1568
100 100 1568 100 100 1568 100 100 1568 100 100 100 100 1568 1568 100 100 1568 100 100
1568 100 100 1568 100 100 1568 100 100 100 100 1568 1568 100 100 1568 100 547 1568 1568
1460 1568 1460 1568 1460 1568 1568 1568 1460 1460 1568 1568 1568 1568 1588 1440 1580 1448 80 1580
1580 1580 1580 1588 1440 1580 1448 1580 1448 1448 1448 1580 1580 1580 1580 1580 1588 1448 1568 1460
80 1568 1568 1568 1568 1568 1568 1391 1580 1580 1460 1568 1588 1448 1568 1460 1568 1568 1568 1460
1460 1460 1460 1568 1460 1568 1568 1460 1568 1460 1460 1568 1460 1568 1460 1568 1460 1568 1568 1460
1588 1440 1580 1717 1448 788 1580 1580 1448 1580 1588 1440 1580 1448 80 1580 1580 1580 1580 1448
1580 1580 1580 1588 1440 1580 1448 80 1580 1580 1580 1580 1448 1448 1580 1580 1448 1568 1568 1588
1440 1580 1448 80 1580 1580 1580 1580 1448 1580 1580 1588 1448 1568 1460 80 1568 1568 1568 1568
1568 1568 1407 1580 1580 1460 1588 1440 1580 1779 1448 1243 1580 1580 1448 1580 1588 1440 1580 1882
1448 955 1580 1580 1448 1580 1588 1448 1568 1772 1460 1091 80 80 80 1568 1568 1568 1568 1460
1568 80 80 80 80 80 80 80 80 80 80 1568 1568 1568 1568 1568 1568 1568 1568 80
80 80 80 1568 1568 80 80 80 80 80 1568 80 1568 80 1568 80 1568 80 80 80
80 1568 1568 80 80 1568 80 80 1568 80 80 1568 80 80 1568 80 80 80 80 1568
80 80 80 80 80 1568 80 1568 1568 1568 80 80 1568 80 80 1568 80 80 1568 80
80 80 80 80 80 1568 1568 1568 80 80 1568 80 80 1568 80 80 1568 80 80 80
80 80 80 1568 1568 1568 80 80 1568 80 80 1568 80 80 1568 80 80 80 80 80
80 1568 1568 1568 80 80 1568 80 80 1568 80 80 1568 80 80 80 80 80 80 1568
1568 1568 80 80 1568 80 80 1568 80 80 1568 80 80 80 80 80 80 1568 1568 1568
80 80 1568 80 80 1568 80 80 1568 80 80 80 80 1568 80 80 1568 1568 80 80
1568 80 80 1568 80 80 80 80 80 80 80 80 1568 1568 1568 1568 80 80 1568 80
80 1568 80 80 80 80 80 80 80 80 1568 1568 1568 1568 80 80 1568 80 80 1568
80 80 80 80 80 80 1568 80 80 1568 1568 1568 80 80 1568 80 80 1568 80 80
80 80 1568 80 80 1568 80 80 1568 1568 80 80 1568 80 80 1568 80 80 1568 80
80 80 80 1568 80 80 1568 1568 80 80 1568 80 80 1568 496 1568 1568 1460 1568 1568
1460 1568 1568 1588 1440 1580 1448 80 1580 1580 1580 1580 1588 1440 1580 1448 1580 1448 1448 1448
1580 1580 1580 1580 1580 1588 1448 1568 1460 80 1568 1568 1568 1568 1568 1568 1391 1580 1580 1460
1460 1568 1460 1568 1568 1460 1460 1568 1460 1568 1568 1460 1460 1568 1568 1460 1460 1568 1460 1568
1588 1440 1580 1717 1448 788 1580 1580 1448 1580 1588 1440 1580 1448 80 1580 1580 1580 1580 1448
1580 1580 1580 1588 1440 1580 1448 80 1580 1580 1580 1580 1448 1448 1588 1440 1580 1448 80 1580
1580 1580 1580 1580 1580 1448 1568 1568 1448 1580 1580 1588 1448 1568 1460 80 1568 1568 1568 1568
1568 1568 1568 1568 1568 1580 1460 1588 1440 1580 1779 1448 1243 1580 1580 1448 1580 1568 1568 1588
1448 1568 1460 80 1568 1568 1568 1568 1568 1568 1407 1580 1460 1460 1460 1568 1568 1460 1568 1568
1460 1588 1440 1580 1874 1448 955 1580 1580 1448 1580 1588 1448 1568 1772 1460 1091 80 80 80
1568 1568 1568 1568 80 80 80 80 80 80 80 80 80 80 1568 1568 1568 1568 1568 1568
1568 1568 80 80 80 80 80 1568 80 1568 80 1568 80 80 80 1568 80 1568 80 1568
80 80 80 80 80 80 1568 1568 1568 80 80 80 80 1568 1568 80 80 1568 80 80
80 80 80 80 80 80 1568 80 80 1568 1568 1568 1568 80 80 1568 80 80 80 80
80 80 80 80 1568 1568 80 80 1568 1568 1568 80 80 1568 80 80 80 80 1568 80
80 1568 80 80 1568 80 80 1568 1568 80 80 1568 80 80 80 80 80 80 1568 80
1568 80 1568 80 80 1568 1568 80 80 1568 80 80 80 80 80 80 1568 80 1460 80
1568 80 80 1568 1568 1568 1568 80 80 1568 80 80 80 80 1568 80 80 1568 1568 80
80 80 80 1568 1568 80 80 1568 80 80 80 80 1568 80 80 1568 1460 1568 1568 80
80 80 80 1568 1568 80 80 1568 80 80 1568 80 80 80 80 1568 1568 80 80 80
80 1568 1568 80 80 1568 80 80 1568 80 80 80 80 1568 1568 80 80 80 80 1568
1568 80 80 1568 80 80 1568 80 80 80 80 1568 1568 80 80 80 80 1568 1568 80
80 1568 80 80 80 80 80 80 1568 1568 1568 80 80 80 80 1568 1568 80 80 1568
80 80 80 80 80 80 1568 1568 1568 80 80 80 80 1568 1568 80 80 1568 80 80
496 1568 1568 1568 1460 1568 1568 1568 1460 1460 1568 1568 1568 1568 1588 1440 1580 1448 80 1580
1580 1580 1580 1448 1580 1580 1580 1588 1440 1580 1448 1580 1448 1448 1580 1580 1588 1448 1568 1460
80 1568 1568 1568 1568 1568 1568 1391 1580 1580 1460 1568 1588 1448 1568 1460 1568 1568 1568 1460
1460 1460 1460 1568 1460 1568 1568 1568 1460 1460 1460 1460 1568 1568 1460 1568 1460 1568 1568 1460
1588 1440 1580 1717 1448 788 1580 1580 1448 1580 1588 1440 1580 1448 80 1580 1580 1580 1580 1448
1580 1580 1580 1588 1440 1580 1448 80 1580 1580 1580 1580 1588 1440 1580 1448 1448 80 1580 1580
1580 1580 1448 1580 1580 1448 1568 1568 1580 1580 1588 1448 1568 1460 80 1568 1568 1568 1568 1568
1568 1588 1407 1580 1440 1580 1779 1580 1460 1448 1242 1580 1580 1448 1580 1588 1440 1580 1888 1448
955 1580 1580 1448 1580 1588 1448 1568 1772 1460 1091 80 80 80 1568 1568 1568 1568 80 80
80 80 80 80 80 80 80 80 1568 1568 1568 1568 1568 1568 1568 1568 80 80 80 80
80 1568 1568 80 80 80 80 80 80 1568 1568 1568 80 1568 1460 1568 80 80 80 80
1568 1568 80 80 80 80 80 80 1568 1568 1568 80 80 1568 80 80 80 80 1568 1568
80 80 80 80 80 80 1568 1568 1568 80 80 1568 80 80 80 80 1568 1568 80 80
80 80 80 80 1568 1568 1568 80 80 1568 80 80 80 80 1568 1568 80 80 1568 80
80 80 80 1568 1568 80 80 1568 80 80 80 80 1568 1568 80 80 1568 80 80 80
80 1568 1568 80 80 1568 80 80 80 80 1568 1568 80 80 1568 80 80 80 80 1568
1568 80 80 1568 80 80 80 80 1568 1568 80 80 1568 80 80 80 80 1568 1568 80
80 1568 80 80 80 80 1568 80 80 1568 1568 80 80 1568 80 80 1568 80 80 1568
80 80 1568 80 80 80 80 1568 1568 80 80 1568 80 80 1568 80 80 1568 80 80
1568 80 80 80 80 1568 1568 80 80 1568 80 80 1568 80 80 1568 80 80 1568 80
80 80 80 1568 80 80 80 80 1568 1568 1568 80 80 1568 80 80 1568 80 80 1568
80 80 80 80 1568 80 80 1568 1568 80 80 1568 80 80 1568 80 80 1568 80 80
80 80 80 80 1568 1568 1568 80 80 1568 80 80 1568 496 1568 1568 1460 1568 1568 1460
1568 1568 1588 1440 1580 1448 80 1580 1580 1580 1580 1448 1580 1580 1580 1588 1440 1580 1448 1580
1448 1448 1580 1580 1588 1448 1568 1460 80 1568 1568 1568 1568 1568 1568 1415 1580 1580 1460 1460
1568 1568 1588 1448 1568 1460 1568 1568 1568 1460 1460 1460 1460 1568 1460 1568 1460 1568 1460 1460
1568 1460 1568 1568 1460 1460 1568 1460 1568 1568 1460 1460 1568 1460 1568 1568 1460 1460 1568 1460
1588 1440 1580 1717 1448 788 1580 1580 1448 1580 1588 1440 1580 1448 80 1580 1580 1580 1580 1448
1580 1580 1580 1588 1440 1580 1448 80 1580 1580 1580 1580 1448 1448 1588 1440 1580 1448 80 1580
1580 1580 1580 1580 1580 1448 1568 1568 1448 1580 1580 1588 1448 1568 1460 80 1568 1568 1568 1568
1568 1568 1588 1440 1580 1779 1407 1580 1580 1460 1448 1242 1580 1580 1448 1580 1588 1440 1580 1880
1448 955 1580 1580 1448 1580 1568 1568 1588 1448 1568 1460 80 1568 1568 1568 1568 1568 1568 1588
1407 1580 1448 1568 1772 1460 1460 1460 1460 1568 1568 1091 80 80 80 1568 1568 1568 1568 1460
1568 1568 1460 80 80 80 80 1568 1568 1568 1568 80 80 80 80 80 80 1568 1568 1568
1568 1568 1568 1460 80 80 80 80 80 80 80 80 80 1568 80 80 1568 1568 1568 1568
1568 80 1568 1568 1460 80 80 80 80 80 80 80 80 80 80 1568 1568 1568 1568 1568
80 1568 80 80 80 1568 80 80 80 80 80 80 80 80 1568 1568 1568 1568 1568 80
1568 80 80 80 80 80 80 80 80 1568 80 80 1568 1568 1568 1568 80 1568 80 80
80 80 80 80 80 80 80 80 80 1568 1568 1568 1568 1568 1568 80 1568 80 80 80
80 80 80 80 80 80 80 1568 1568 1568 1568 1568 80 1568 80 80 80 1568 80 80
80 80 80 80 1568 80 80 1568 1568 1568 1568 80 1568 80 80 1568 80 80 1568 80
80 1568 80 80 80 80 1568 1568 80 1568 80 80 80 1568 80 80 1568 80 80 1568
80 80 80 80 1568 1568 1568 80 1568 80 80 1568 80 80 1568 80 80 1568 80 80
80 80 1568 1568 80 1568 80 80 80 1568 80 80 1568 80 80 1568 80 80 80 80
1568 1568 1568 80 1568 80 80 1360 1568 1568 1568 1460 1568 1568 1568 1460 1460 1568 1568 1568
1568 1588 1440 1580 1448 80 1580 1580 1580 1580 1448 1580 1588 1440 1580 1448 1580 1448 1448 1588
1580 1448 1568 1460 80 1568 1568 1568 1568 1568 1568 1568 1460 1588 1448 1568 1460 1568 1568 1568
1568 1460 1460 1460 1460 1460 1568 1568 1460 1460 1568 1568 1460 1460 1568 1568 1460 1460 1568 1568
1588 1440 1580 1717 1448 788 1580 1580 1448 1580 1588 1440 1580 1448 80 1580 1580 1580 1580 1448
1580 1580 1580 1588 1440 1580 1448 80 1580 1580 1580 1580 1588 1440 1580 1448 1448 80 1580 1580
1580 1580 1448 1580 1580 1588 1448 1568 1580 1588 1460 80 1568 1568 1568 1568 1568 1568 1440 1580
1779 1407 1580 1580 1580 1448 1568 1568 1460 1448 1242 1580 1580 1448 1580 1568 1568 1588 1448 1568
1460 80 1568 1568 1568 1568 1568 1568 1407 1580 1460 1460 1460 1568 1568 1460 1588 1440 1580 1886
1448 1568 1568 1460 955 1580 1580 1448 1580 1588 1448 1568 1772 1460 1091 80 80 80 1568 1568
1568 1568 80 80 80 1568 80 80 80 80 80 80 80 1568 1568 1568 1568 1568 1568 1568
80 80 80 80 80 80 80 80 80 80 80 1568 1568 1568 80 1568 80 80 80 80
80 80 80 1568 1568 1568 1568 80 80 80 1568 1568 80 80 80 80 80 80 80 80
80 1568 1568 1568 1568 80 80 1568 80 1568 80 80 80 80 80 80 80 80 1568 1568
1568 1568 80 80 1568 80 80 1568 80 80 80 80 1568 1568 80 80 80 80 1568 1568
80 80 1568 80 80 1568 80 80 80 80 1568 1568 80 80 80 80 1568 1568 80 80
1568 80 80 1568 80 80 80 80 1568 1568 80 80 80 80 1568 1568 80 80 1568 80
80 1568 80 80 80 80 1568 80 80 80 80 1568 1568 1568 80 80 1568 80 80 1568
80 80 1568 80 80 80 80 80 80 1568 1568 1568 80 80 1568 80 80 1568 80 80
1568 80 80 80 80 1568 80 80 1568 1568 80 80 1568 80 80 1568 80 80 1568 80
80 1568 80 80 1568 80 80 1568 80 80 1568 80 1360 1568 1568 1460 1568 1568 1568 1460
1460 1568 1568 1568 1568 1588 1440 1580 1448 80 1580 1580 1580 1580 1448 1580 1588 1440 1580 1448
1580 1448 1448 1588 1580 1448 1568 1460 80 1568 1568 1568 1568 1568 1568 1568 1460 1588 1448 1568
1460 1568 1568 1568 1568 1460 1460 1460 1460 1460 1568 1568 1460 1460 1568 1568 1460 1460 1568 1568
1588 1440 1580 1717 1448 788 1580 1580 1448 1580 1588 1440 1580 1448 80 1580 1580 1580 1580 1448
1580 1580 1580 1588 1440 1580 1448 80 1580 1580 1580 1580 1588 1440 1580 1448 1448 80 1580 1580
1580 1580 1448 1588 1580 1580 1588 1448 1568 1440 1580 1779 1460 80 1568 1568 1568 1568 1568 1568
1580 1448 1407 1580 1242 1580 1580 1580 1580 1448 1568 1568 1460 1448 1580 1568 1568 1588 1448 1568
1588 1440 1580 1886 1448 1460 80 1568 1568 1568 1568 1568 1568 1407 1580 955 1580 1580 1448 1580
1460 1460 1460 1568 1568 1460 1568 1568 1460 1568 1568 1460 1568 1568 1460 1588 1448 1568 1772 1460
1091 80 80 80 1568 1568 1568 1568 80 1568 80 80 80 80 80 80 80 80 80 1568
1568 1568 1568 1568 1568 1568 80 80 80 1568 80 1568 80 80 80 80 80 80 80 1568
1568 1568 80 1568 80 80 80 80 1568 1568 80 80 1568 80 80 80 80 1568 1568 80
80 1568 80 80 80 80 1568 1568 80 80 1568 80 80 80 80 1568 1568 80 80 1568
80 80 80 80 1568 1568 80 80 1568 80 80 80 80 1568 1568 80 80 1568 80 80
80 80 1568 1568 80 80 1568 80 80 80 80 1568 1568 80 80 1568 80 80 80 80
1568 80 80 1568 1568 80 80 80 80 1568 1568 80 80 1568 80 80 80 80 1568 80
80 1568 1568 80 80 80 80 1568 1568 80 80 1568 80 80 1568 80 80 80 80 1568
1568 80 80 80 80 1568 1568 80 80 1568 80 80 1568 80 80 80 80 1568 1568 80
80 80 80 1568 1568 80 80 1568 80 80 1568 80 80 80 80 1568 1568 80 80 80
80 1568 1568 80 80 1568 80 80 1568 80 80 1568 80 80 1568 80 80 80 1360 1568
1568 1568 1460 1568 1568 1568 1460 1460 1568 1568 1568 1568 1588 1440 1580 1448 80 1580 1580 1580
1580 1448 1580 1588 1440 1580 1448 1580 1448 1448 1588 1580 1448 1568 1460 80 1568 1568 1568 1568
1568 1568 1568 1460 1588 1448 1568 1460 1568 1568 1568 1568 1460 1460 1460 1460 1568 1460 1568 1460
1588 1440 1580 1717 1448 788 1580 1580 1448 1580 1588 1440 1580 1448 80 1580 1580 1580 1580 1448
1588 1580 1580 1580 1440 1580 1779 1448 1242 1580 1580 1448 1580 1588 1440 1580 1448 80 1580 1580
1580 1580 1588 1440 1580 1448 1448 80 1580 1580 1580 1580 1448 1580 1580 1580 1580 1448 1568 1568
1588 1448 1568 1460 80 1568 1568 1568 1568 1568 1568 1568 1568 1568 1580 1460 1568 1568 1588 1448
1568 1460 80 1568 1568 1568 1568 1568 1568 1588 1407 1580 1440 1580 1779 1460 1460 1460 1448 1242
1580 1580 1568 1568 1460 1448 1580 1568 1568 1460 1588 1440 1580 1880 1448 955 1580 1580 1448 1580
1588 1448 1568 1772 1460 1091 80 80 80 1568 1568 1568 1568 80 80 80 80 80 80 80
80 80 80 1568 1568 1568 1568 1568 1568 1568 1568 80 80 80 80 80 1568 1568 80 80
80 80 80 80 1568 1568 1568 80 1568 80 80 80 80 1568 80 80 80 80 80 80
1568 1568 1568 1568 80 80 1568 80 80 1568 80 80 80 80 80 1568 80 80 80 1568
1568 1568 80 80 1568 80 80 1568 80 80 80 80 1568 80 80 80 80 1568 1568 1568
80 80 1568 1460 1568 80 80 1568 80 80 80 80 80 80 80 80 1568 1568 1568 1568
80 80 1568 80 80 1568 80 80 80 1568 80 80 80 1568 80 80 1568 1568 80 80
1568 80 80 1568 80 80 1568 80 80 1568 80 80 1568 80 80 1568 80 80 1568 1460
1568 80 80 1568 80 80 1568 80 80 1568 80 80 1568 80 80 1568 80 80 1568 80
80 1568 80 80 80 80 1568 1568 80 80 1568 80 80 1568 80 80 1568 80 80 1568
80 80 80 80 80 80 1568 1568 1568 80 80 1568 80 80 1568 80 80 1568 80 80
1568 80 80 80 80 1568 1568 80 1360 1568 1568 1460 1568 1568 1568 1460 1460 1568 1568 1568
1568 1588 1440 1580 1448 80 1580 1580 1580 1580 1448 1580 1588 1440 1580 1448 1580 1448 1448 1588
1580 1448 1568 1460 80 1568 1568 1568 1568 1568 1568 1568 1460 1588 1448 1568 1460 1568 1568 1568
1588 1440 1580 1717 1448 788 1580 1580 1448 1580 1588 1440 1580 1448 80 1580 1580 1580 1580 1448
1580 1580 1580 1588 1440 1580 1448 80 1580 1580 1580 1580 1448 1448 1588 1440 1580 1580 1448 80
1580 1580 1580 1580 1580 1448 1568 1568 1448 1580 1580 1588 1448 1568 1460 80 1568 1568 1568 1568
1568 1568 1588 1407 1580 1580 1460 1440 1580 1779 1448 1242 1580 1580 1448 1580 1588 1440 1580 1886
1448 955 1580 1580 1448 1580 1588 1448 1568 1772 1460 1091 80 80 80 1568 1568 1568 1568 1091
80 1580 80 80 1568 80 1568 1568 1568 80 1568 80 80 80 80 80 1568 1568 1568 1460
1568 80 80 80 80 80 1568 1568 80 1568 80 80 80 80 80 1568 1568 80 80 1568
1568 80 80 80 80 1568 1568 80 80 1568 80 1568 80 80 80 80 1568 1568 80 80
80 1568 1568 80 80 80 80 80 1568 1568 80 80 1568 80 1568 80 80 80 80 1568
1568 80 80 1568 80 80 80 1568 1568 80 80 80 80 1568 1568 80 80 1568 80 80
1568 80 1568 80 80 80 80 1568 1568 80 80 1568 80 80 1568 80 80 1568 80 80
80 80 1568 1568 80 80 1568 80 80 1568 80 80 1568 80 80 80 80 1568 1568 80
80 1568 80 80 1568 80 80 1568 80 80 80 80 80 1568 1568 1568 80 80 1568 80
80 1568 80 80 1568 80 80 80 80 1568 1568 80 80 80 1568 80 80 1568 1568 80
80 1568 80 80 80 80 80 1568 1568 1568 80 80 1568 80 80 1568 80 80 80 1568
80 80 1568 80 80 1568 80 1568 80 80 1568 80 80 1568 80 80 1568 80 1360 1568
1568 1460 1568 1568 1460 1568 1568 1588 1440 1580 1448 80 1580 1580 1580 1580 1448 1580 1588 1440
1580 1448 1580 1448 1448 1588 1580 1448 1568 1460 80 1568 1568 1568 1568 1568 1568 1568 1460 1460
1568 1588 1448 1568 1460 1568 1568 1568 1568 1460 1460 1460 1460 1568 1460 1460 1568 1460 1568 1460
1588 1440 1580 1717 1448 788 1580 1580 1448 1580 1588 1440 1580 1448 80 1580 1580 1580 1580 1448
1580 1580 1580 1588 1440 1580 1448 80 1580 1580 1580 1580 1588 1440 1580 1448 80 1580 1580 1580
1580 1448 1448 1448 1580 1580 1448 1568 1568 1580 1580 1588 1448 1568 1460 80 1568 1568 1568 1568
1568 1568 1588 1407 1580 1580 1460 1440 1580 1779 1448 1242 1580 1580 1448 1580 1568 1568 1588 1448
1568 1460 80 1568 1568 1568 1568 1568 1568 1407 1580 1460 1460 1460 1588 1440 1580 1884 1448 955
1580 1580 1448 1580 1568 1568 1460 1568 1568 1460 1588 1448 1568 1772 1460 1091 80 80 80 1568
1568 1568 1568 80 80 80 80 80 80 80 80 80 80 1568 1568 1568 1568 1568 1568 1568
1568 80 80 80 80 80 80 1568 80 1568 80 80 80 80 1568 1568 1568 80 1568 80
80 80 80 1568 80 80 80 80 80 80 1568 1568 1568 1568 80 80 1568 80 80 1568
80 80 1568 80 80 80 80 80 80 1568 1568 1568 80 80 1568 80 80 1568 80 80
1568 80 80 1568 80 80 80 80 1568 1568 80 80 1568 80 80 1568 80 80 80 80
1568 1568 80 80 80 80 1568 1568 80 80 1568 80 80 1568 80 80 80 80 1568 1568
80 80 80 80 1568 1568 80 80 1568 80 80 1568 80 80 80 80 1568 1568 80 80
80 80 1568 1568 80 80 1568 80 80 1568 80 80 80 80 1568 80 80 80 80 1568
1568 1568 80 80 1568 80 80 1568 80 80 1568 80 80 80 80 80 80 1568 1568 1568
80 80 1568 80 80 1568 80 80 1568 80 80 80 80 1568 80 80 1568 1568 80 80
1568 80 80 1568 80 80 1568 80 80 80 80 80 1360 1568 1568 1568 1568 1460 1568 1568
1568 1460 1460 1568 1568 1568 1568 1588 1440 1580 1448 80 1580 1580 1580 1580 1448 1580 1588 1440
1580 1448 1580 1448 1448 1588 1580 1448 1568 1460 80 1568 1568 1568 1568 1568 1568 1568 1460 1588
1448 1568 1460 1568 1568 1568 1568 1460 1460 1460 1460 1568 1460 1568 1460 1568 1460 1568 1460 1568
1588 1440 1580 1717 1448 788 1580 1580 1448 1580 1588 1440 1580 1448 80 1580 1580 1580 1580 1448
1580 1580 1580 1588 1440 1580 1448 80 1580 1580 1580 1580 1448 1448 1580 1580 1448 1568 1568 1588
1440 1580 1448 80 1580 1580 1580 1580 1448 1580 1580 1588 1448 1568 1460 80 1568 1568 1568 1568
1568 1568 1407 1580 1580 1460 1588 1440 1580 1779 1448 1242 1580 1580 1448 1580 1588 1440 1580 1888
1448 955 1580 1580 1448 1580 1588 1448 1568 1772 1460 1091 80 80 80 1568 1568 1568 1568 1460
1568 80 80 80 80 1568 80 80 80 80 80 80 1568 1568 1568 1568 1568 1568 1568 80
80 80 80 1568 80 80 1568 80 1568 80 80 80 80 1568 1568 80 1568 80 80 80
80 1568 80 80 1568 80 80 80 80 1568 1568 1568 80 80 1568 80 80 80 80 1568
80 1568 80 1568 80 80 80 80 1568 1568 80 80 1568 80 80 80 80 1568 80 80
1568 1568 80 80 80 80 1568 1568 80 80 1568 80 80 80 80 80 80 1568 1568 80
80 1568 80 80 1568 1568 80 80 1568 80 80 80 80 80 80 80 80 80 80 1568
1568 1568 1568 1568 80 80 1568 80 80 1568 80 80 80 80 80 80 1568 80 80 1568
1568 1568 80 80 1568 80 80 1568 80 80 1568 80 80 80 80 80 80 1568 1568 1568
80 80 1568 80 80 1568 80 80 1568 80 80 80 80 1568 80 80 1568 1568 80 80
1568 80 80 1568 80 80 1568 80 80 1568 80 80 80 80 1568 1568 80 80 1568 80
80 1568 80 80 1568 80 80 1568 80 80 80 80 1568 1568 80 80 1568 80 80 1568
80 80 80 80 1568 1568 80 80 1568 80 80 1568 80 80 1568 80 80 1568 80 80
80 80 1568 1568 80 80 1568 80 80 1568 80 80 1568 80 80 1568 80 80 80 80
1568 1568 80 80 1568 80 80 1568 80 80 1568 80 80 1568 496 1568 1568 1460 1568 1568
1460 1568 1568 1588 1440 1580 1448 80 1580 1580 1580 1580 1448 1580 1580 1580 1588 1440 1580 1448
1580 1448 1448 1580 1580 1588 1448 1568 1460 80 1568 1568 1568 1568 1568 1568 1415 1580 1580 1460
1460 1568 1460 1568 1568 1460 1460 1568 1460 1568 1568 1460 1460 1568 1460 1568 1568 1460 1460 1568
1568 1460 1460 1568 1460 1568 1568 1460 1460 1568 1460 1568 1568 1460 1460 1568 1460 1568 1568 1460
1588 1440 1580 1717 1448 788 1580 1580 1448 1580 1588 1440 1580 1448 80 1580 1580 1580 1580 1448
1580 1580 1580 1588 1440 1580 1448 80 1580 1580 1580 1580 1448 1448 1588 1440 1580 1448 80 1580
1580 1580 1580 1580 1580 1448 1568 1568 1448 1580 1580 1588 1448 1568 1460 80 1568 1568 1568 1568
1568 1568 1568 1568 1568 1580 1460 1588 1440 1580 1779 1448 1242 1580 1580 1448 1580 1588 1440 1580
1880 1448 1568 1568 1588 1448 1568 1460 80 955 1568 1568 1568 1568 1580 1580 1568 1448 1568 1580
1407 1580 1460 1460 1460 1568 1568 1460 1568 1568 1460 431 1580 1460 1568 1568 1460 1568 1568 1460
1588 1448 1568 1772 1460 1091 80 80 80 1568 1568 1568 1568 80 80 80 80 80 80 80
80 80 80 1568 1568 1568 1568 1568 1568 1568 1568 80 80 80 80 80 80 80 80 80
1568 1568 1568 80 80 1568 1568 80 1568 80 80 80 80 80 80 1568 1568 1568 80 80
80 80 1568 1568 80 80 1568 80 80 1568 80 80 80 80 1568 1568 80 80 80 80
1568 1568 80 80 1568 80 80 1568 80 80 80 80 1568 1568 80 80 80 80 1568 1568
80 80 1568 80 80 1568 80 80 80 80 1568 1568 80 80 80 80 1568 1568 80 80
1568 80 80 1568 80 80 80 80 80 80 80 80 1568 1568 1568 1568 80 80 1568 80
80 1568 80 80 1568 80 80 80 80 80 80 1568 1568 1568 80 80 1568 80 80 1568
80 80 1568 80 80 80 80 80 80 1568 1568 1568 80 80 1568 80 80 1568 80 80
1568 80 80 80 80 80 80 1568 1568 1568 80 80 1568 80 80 1568 80 80 1568 80
80 1568 80 80 80 80 1568 1568 80 80 1568 80 80 1568 80 80 1568 80 80 1568
80 80 80 80 1568 1568 80 80 1568 80 80 1568 80 80 1568 80 80 1568 80 80
80 80 1568 1568 80 80 1568 80 80 1568 80 80 1568 80 80 1568 80 80 80 80
1568 1568 80 80 1568 80 80 1568 80 80 1568 80 80 1568 80 80 80 80 1568 1568
80 80 1568 80 80 1568 496 1568 1568 1460 1568 1460 1568 1568 1568 1460 1460 1568 1568 1568
1568 1588 1440 1580 1448 80 1580 1580 1580 1580 1588 1440 1580 1448 1580 1448 1448 1448 1580 1580
1580 1580 1580 1588 1448 1568 1460 80 1568 1568 1568 1568 1568 1568 1415 1580 1580 1460 1568 1588
1448 1568 1460 1568 1568 1568 1460 1460 1460 1568 1460 1568 1460 1568 1460 1460 1568 1460 1568 1568
1460 1460 1568 1568 1460 1460 1568 1460 1568 1460 1568 1568 1460 1460 1568 1568 1460 1460 1568 1460
1588 1440 1580 1717 1448 788 1580 1580 1448 1580 1588 1440 1580 1448 80 1580 1580 1580 1580 1448
1580 1580 1580 1588 1440 1580 1448 80 1580 1580 1580 1580 1588 1440 1580 1448 1448 80 1580 1580
1580 1580 1448 1580 1580 1580 1580 1448 1568 1568 1588 1448 1588 1568 1460 80 1568 1568 1568 1568
1568 1568 1440 1580 1779 1407 1580 1580 1460 1448 1242 1580 1580 1448 1580 1568 1568 1568 1568 1588
1448 1568 1460 80 1568 1568 1568 1568 1568 1568 1407 1580 1460 1460 1460 1568 1568 1460 1568 1568
1460 1568 1588 1460 1568 1440 1580 1779 1460 1568 1460 1448 1242 1580 1580 1568 1580 1448 1580 1460
1568 1568 1460 1568 1568 1460 1568 1460 1568 1460 447 1580 1460 1568 1568 1460 1568 1568 1460 1588
1440 1580 1886 1448 955 1580 1580 1448 1580 1588 1448 1568 1772 1460 1091 80 80 80 1568 1568
1568 1568 1460 1568 80 80 80 80 80 80 80 80 80 80 1568 1568 1568 1568 1568 1568
1568 1568 80 80 80 80 80 80 1568 1568 1568 80 80 80 80 80 1568 1568 80 1568
80 80 80 80 80 80 1568 1568 1568 80 80 1568 80 80 1568 80 80 1568 80 80
80 80 80 80 1568 1568 1568 80 80 1568 80 80 1568 80 80 1568 80 80 80 80
80 80 1568 1568 1568 80 80 1568 80 80 1568 80 80 1568 80 80 80 80 80 80
1568 1568 1568 80 80 1568 80 80 1568 80 80 1568 80 80 1568 80 80 1568 80 80
1568 80 80 1568 80 80 1568 80 80 1568 80 80 1568 80 80 1568 80 80 1568 80
80 80 1568 80 1568 80 80 1568 80 80 80 80 80 80 80 80 80 80 1568 1568
1568 1568 1568 80 80 1568 80 80 1568 80 80 80 80 80 80 80 80 1568 1568 1568
1568 80 80 1568 80 80 1568 80 80 1568 80 80 80 80 80 80 80 80 1568 1568
1568 1568 80 80 1568 80 80 1568 80 80 80 80 80 80 80 80 1568 1568 1568 1568
80 80 80 80 1568 1568 80 80 1568 80 80 1568 80 80 1568 80 80 1568 80 80
80 80 1568 1568 80 80 80 80 1568 80 80 80 80 1568 1568 1568 80 80 80 80
1568 1568 80 80 80 80 1568 80 80 80 80 1568 1568 1568 1460 1568 80 80 496 1568
1568 1568 1460 1568 1568 1460 1568 1568 1568 1460 1568 1568 1588 1440 1580 1448 80 1580 1580 1580
1580 1448 1580 1580 1580 1588 1440 1580 1448 1580 1448 1448 1580 1580 1588 1448 1568 1460 80 1568
1568 1568 1568 1568 1568 1415 1580 1580 1460 1568 1588 1448 1568 1460 1568 1568 1568 1460 1460 1460
1568 1460 1568 1460 1568 1460 1460 1568 1460 1568 1568 1460 1460 1568 1568 1460 1460 1568 1460 1568
1588 1440 1580 1717 1448 788 1580 1580 1448 1580 1588 1440 1580 1448 80 1580 1580 1580 1580 1448
1580 1580 1580 1588 1440 1580 1448 80 1580 1580 1580 1580 1448 1448 1580 1580 1448 1568 1568 1588
1440 1580 1448 80 1580 1580 1580 1580 1448 1580 1580 1588 1448 1568 1588 1460 80 1568 1568 1568
1568 1568 1568 1440 1580 1779 1407 1580 1580 1460 1448 1242 1580 1580 1448 1580 1588 1440 1580 1884
1448 955 1580 1580 1448 1580 1568 1568 1588 1448 1568 1460 80 1568 1568 1568 1568 1568 1568 1407
1580 1460 1460 1460 1568 1568 1460 1568 1568 1460 1568 1568 1460 1568 1568 1588 1460 1568 1568 1448
1568 1772 1460 1568 1568 1460 1460 1091 80 80 80 1568 1568 1568 1568 80 80 80 1568 80
80 80 80 80 80 80 1568 1568 1568 1568 1568 1568 1568 80 80 80 1568 80 1568 80
80 80 80 80 80 80 1568 1568 1568 80 1568 80 80 1568 80 80 1568 80 80 80
80 1568 1568 80 80 1568 80 80 1568 80 80 1568 80 80 1568 80 80 80 80 1568
1568 80 80 1568 80 80 1568 80 80 1568 80 80 1568 80 80 80 80 1568 1568 80
80 1568 80 80 1568 80 80 1568 80 80 1568 80 80 80 80 1568 1568 80 80 1568
80 80 1568 80 80 1568 80 80 1568 80 80 80 80 80 80 1568 1568 1568 80 80
1568 80 80 1568 80 80 1568 80 80 80 80 80 80 1568 1568 1568 80 80 1568 80
80 1568 80 80 1568 80 80 80 80 1568 80 80 1568 1568 80 80 1568 80 80 1568
80 80 1568 80 80 80 80 80 80 1568 1568 1568 80 80 1568 80 80 80 80 80
80 80 80 1568 1568 80 80 1568 80 80 1568 1568 1568 80 80 80 80 1568 80 80
1568 80 80 80 80 80 80 1568 1568 1568 1568 80 80 1568 80 80 1568 80 80 80
80 80 80 80 80 1568 1568 1568 1568 80 80 1568 80 80 1568 80 80 1568 80 80
80 80 80 80 1568 1568 1568 80 80 1568 80 80 1568 80 80 1568 80 80 80 80
1568 1568 80 80 1568 80 80 1568 496 1568 1568 1460 1568 1460 1568 1568 1568 1460 1460 1568
1568 1568 1568 1588 1440 1580 1448 80 1580 1580 1580 1580 1448 1580 1580 1580 1588 1440 1580 1448
1580 1448 1448 1580 1580 1588 1448 1568 1460 80 1568 1568 1568 1568 1568 1568 1415 1580 1580 1460
1568 1588 1448 1568 1460 1568 1568 1568 1460 1460 1460 1568 1460 1568 1460 1568 1460 1568 1460 1460
1568 1460 1568 1568 1460 1568 1460 1460 1568 1568 1460 1460 1568 1460 1568 1568 1460 1460 1568 1460
1588 1440 1580 1717 1448 788 1580 1580 1448 1580 1588 1440 1580 1448 80 1580 1580 1580 1580 1448
1580 1580 1580 1588 1440 1580 1448 80 1580 1580 1580 1580 1448 1448 1588 1440 1580 1448 80 1580
1580 1580 1580 1580 1580 1448 1568 1568 1448 1580 1580 1588 1588 1448 1568 1460 80 1568 1568 1568
1568 1568 1568 1440 1580 1779 1407 1580 1580 1448 1242 1580 1580 1460 1448 1580 1568 1568 1588 1448
1568 1460 80 1568 1568 1568 1568 1568 1568 1568 1568 1568 1460 1460 1460 1568 1568 1460 1460 1568
1460 1568 1460 1588 1440 1580 1878 1448 955 1580 1580 1448 1580 1588 1448 1568 1772 1460 1091 80
80 80 1568 1568 1568 1568 80 1568 80 80 80 80 80 80 80 80 80 1568 1568 1568
1568 1568 1568 1568 80 80 80 80 1568 1568 80 80 80 80 80 80 80 1568 1568 1568
80 1568 80 80 80 80 1568 1568 80 80 80 80 1568 80 80 1568 1568 80 80 1568
80 80 80 80 1568 1568 80 80 80 80 80 80 1568 1568 1568 80 80 1568 80 80
80 80 1568 1568 80 80 80 80 80 80 1568 1568 1568 80 80 1568 80 80 80 80
1568 1568 80 80 80 80 80 80 1568 1568 1568 80 80 1568 80 80 80 80 1568 1568
80 80 80 80 1568 1568 80 80 1568 80 80 1568 80 80 80 80 1568 1568 80 80
80 80 1568 1568 80 80 1568 80 80 1568 80 80 80 80 1568 80 80 80 80 1568
80 80 1568 1568 1568 80 80 1568 1460 1568 80 80 1568 80 80 1568 80 80 80 80
80 80 1568 1568 1568 80 80 1568 80 80 1568 80 80 1568 80 80 80 80 80 80
1568 1568 1568 80 80 1568 80 80 1568 80 80 1568 80 80 80 80 80 1360 1568 1568
1568 1568 1460 1568 1460 1568 1568 1568 1460 1460 1568 1568 1568 1568 1588 1440 1580 1448 80 1580
1580 1580 1580 1448 1580 1588 1440 1580 1448 1580 1448 1448 1588 1580 1448 1568 1460 80 1568 1568
1568 1568 1568 1568 1568 1460 1588 1448 1568 1460 1568 1568 1568 1568 1460 1460 1460 1460 1568 1460
1588 1440 1580 1717 1448 788 1580 1580 1448 1580 1588 1440 1580 1448 80 1580 1580 1580 1580 1448
1580 1580 1580 1588 1440 1580 1448 80 1580 1580 1580 1580 1448 1448 1588 1440 1580 1580 1448 80
1580 1580 1580 1580 1580 1448 1568 1568 1448 1580 1580 1588 1448 1568 1460 80 1568 1568 1568 1568
1568 1568 1568 1568 1568 1580 1588 1460 1440 1580 1779 1448 1242 1580 1580 1448 1580 1568 1568 1588
1448 1568 1460 80 1568 1568 1568 1568 1568 1568 1568 1568 1568 1588 1440 1580 1886 1448 1460 1460
1460 1568 1568 955 1580 1580 1448 1580 1460 1568 1568 1460 1568 1568 1460 431 1580 1460 1588 1448
1568 1772 1460 1091 80 80 80 1568 1568 1568 1568 80 80 80 80 80 80 80 80 80
80 1568 1568 1568 1568 1568 1568 1568 1568 80 80 80 80 1568 1568 80 80 80 80 80
1568 80 80 1568 1568 1568 80 1568 80 80 80 80 1568 1568 80 80 1568 80 80 80
80 1568 1568 80 1568 80 80 80 80 80 1568 1568 80 80 1568 80 80 80 80 1568
1568 1568 80 80 80 80 80 1568 80 80 1568 1568 80 80 80 80 1568 1568 1568 80
1568 80 80 80 80 80 80 1568 1568 1568 80 80 80 80 1568 1568 80 1568 80 80
80 1568 80 80 80 80 1568 1568 80 80 80 80 1568 1568 1568 80 1568 80 80 80
80 1568 1568 80 80 1568 80 80 80 80 1568 1568 80 1568 80 80 80 80 80 1568
1568 80 80 1568 80 80 80 80 1568 1568 1568 80 80 80 80 80 80 80 80 80
80 80 1568 1568 1568 1568 1568 80 1568 80 80 80 80 80 80 1568 1568 1568 80 80
80 80 1568 1568 80 80 1568 80 80 80 80 80 80 1568 1568 1568 80 80 80 80
1568 1568 80 80 1568 80 80 1360 1568 1568 1568 1460 1568 1568 1568 1460 1460 1568 1568 1568
1568 1588 1440 1580 1448 80 1580 1580 1580 1580 1448 1580 1588 1440 1580 1448 1580 1448 1448 1588
1580 1448 1568 1460 80 1568 1568 1568 1568 1568 1568 1568 1460 1588 1448 1568 1460 1568 1568 1568
1588 1440 1580 1717 1448 788 1580 1580 1448 1580 1588 1440 1580 1448 80 1580 1580 1580 1580 1448
1580 1580 1580 1588 1440 1580 1448 80 1580 1580 1580 1580 1448 1448 1588 1440 1580 1448 80 1580
1580 1580 1580 1448 1588 1440 1580 1779 1448 1242 1580 1580 1580 1580 1448 1568 1568 1448 1580 1580
1580 1588 1448 1568 1460 80 1568 1568 1568 1568 1568 1568 1407 1580 1580 1460 1588 1440 1580 1882
1448 955 1580 1580 1448 1580 1568 1568 1588 1448 1568 1460 80 1568 1568 1568 1568 1568 1568 1407
1580 1460 1460 1460 1568 1568 1460 1568 1568 1460 1588 1448 1568 1772 1460 1091 80 80 80 1568
1568 1568 1568 80 80 80 80 80 80 80 80 80 80 1568 1568 1568 1568 1568 1568 1568
1568 80 80 80 80 80 80 80 80 80 80 80 1568 1568 1568 80 1568 80 80 80
80 80 80 80 1568 1568 1568 1568 80 80 80 1568 1568 80 80 80 80 80 80 80
1568 80 80 1568 1568 1568 80 80 1568 80 1568 80 80 1568 80 80 80 80 80 80
1568 1568 1568 80 80 1568 80 80 1568 80 80 80 80 80 80 1568 80 80 1568 1568
1568 80 80 1568 80 80 1568 80 80 80 80 1568 1568 80 80 80 80 1568 1568 80
80 1568 80 80 1568 80 80 80 80 1568 1568 80 80 80 80 1568 1568 80 80 1568
80 80 1568 80 80 80 80 1568 1568 80 80 80 80 1568 1568 80 80 1568 80 80
1568 80 80 80 80 1568 1568 80 80 80 80 1568 1568 80 80 1568 80 80 1568 80
80 80 80 1568 1568 80 80 80 80 1568 1568 80 80 1568 80 80 1568 80 80 80
80 1568 1568 80 80 80 80 1568 1568 80 80 1568 80 1360 1568 1568 1460 1568 1568 1568
1460 1460 1568 1568 1568 1568 1588 1440 1580 1448 80 1580 1580 1580 1580 1448 1580 1588 1440 1580
1448 1580 1448 1448 1588 1580 1448 1568 1460 80 1568 1568 1568 1568 1568 1568 1568 1460 1588 1448
1568 1460 1568 1568 1568 1568 1460 1460 1460 1460 1568 1460 1568 1460 1460 1568 1568 1460 1460 1568
1588 1440 1580 1717 1448 788 1580 1580 1448 1580 1588 1440 1580 1448 80 1580 1580 1580 1580 1448
1580 1580 1580 1588 1440 1580 1448 80 1580 1580 1580 1580 1588 1440 1580 1448 1448 80 1580 1580
1580 1580 1448 1580 1580 1580 1588 1580 1448 1568 1568 1588 1448 1568 1460 80 1568 1568 1568 1568
1568 1568 1440 1580 1779 1407 1580 1580 1448 1242 1460 1580 1580 1448 1580 1588 1440 1580 1888 1448
955 1580 1580 1448 1580 1588 1448 1568 1772 1460 1091 80 80 80 1568 1568 1568 1568 80 80
80 80 80 80 80 80 80 80 1568 1568 1568 1568 1568 1568 1568 1568 80 80 80 80
80 80 80 80 80 80 80 1568 1568 1568 80 1568 80 80 80 80 80 80 80 1568
1568 1568 1568 80 80 80 1568 1568 80 80 80 80 80 80 80 80 80 1568 1568 1568
1568 80 80 1568 80 1568 1460 1568 80 80 1568 80 80 80 80 80 80 1568 1568 1568
80 80 1568 80 80 1568 80 80 1568 80 80 80 80 80 80 1568 1568 1568 80 80
1568 80 80 1568 80 80 1568 80 80 1568 80 80 80 80 1568 1568 80 80 1568 80
80 1568 80 80 1568 80 80 1568 80 80 80 80 1568 1568 80 80 1568 80 80 1568
80 80 1568 80 80 1568 80 80 80 80 1568 1568 80 80 1568 80 80 1568 80 80
1568 80 80 1568 80 80 80 80 1568 1568 80 80 1568 80 80 1568 80 80 1568 80
80 1568 80 80 1568 80 80 1568 80 80 1568 80 80 1568 80 80 1568 80 80 1568
80 80 1568 80 80 1568 80 80 1568 80 1360 1568 1568 1460 1568 1568 1460 1568 1568 1588
1440 1580 1448 80 1580 1580 1580 1580 1448 1580 1588 1440 1580 1448 1580 1448 1448 1588 1580 1448
1568 1460 80 1568 1568 1568 1568 1568 1568 1568 1460 1460 1568 1460 1568 1418 1588 1448 1580 1568
1460 1568 1568 1568 1460 1460 1460 1460 1568 1460 1460 1568 1460 1568 1460 1568 1460 1568 1460 1568
